"BA Code","Timestamp (Hour Ending)","Demand (MWh)","Demand Forecast (MWh)","Net Generation (MWh)","Total Interchange (MWh)"
ISNE,"7/1/2022 12 a.m. EDT",13761,13490,11620,-2141
ISNE,"7/1/2022 1 a.m. EDT",12991,12450,11029,-1962
ISNE,"7/1/2022 2 a.m. EDT",12753,11790,10557,-2196
ISNE,"7/1/2022 3 a.m. EDT",12374,11370,10134,-2240
ISNE,"7/1/2022 4 a.m. EDT",12142,11150,9990,-2152
ISNE,"7/1/2022 5 a.m. EDT",12219,11290,10078,-2141
ISNE,"7/1/2022 6 a.m. EDT",12397,11680,10067,-2330
ISNE,"7/1/2022 7 a.m. EDT",12888,12590,10548,-2340
ISNE,"7/1/2022 8 a.m. EDT",13286,13590,11246,-2040
ISNE,"7/1/2022 9 a.m. EDT",13814,14260,12217,-1597
ISNE,"7/1/2022 10 a.m. EDT",14289,14480,12800,-1489
ISNE,"7/1/2022 11 a.m. EDT",14947,15350,13774,-1173
ISNE,"7/1/2022 12 p.m. EDT",15872,16160,14543,-1329
ISNE,"7/1/2022 1 p.m. EDT",16804,16660,15610,-1194
ISNE,"7/1/2022 2 p.m. EDT",17686,17740,16288,-1398
ISNE,"7/1/2022 3 p.m. EDT",18439,18460,17255,-1184
ISNE,"7/1/2022 4 p.m. EDT",19145,19470,17946,-1199
ISNE,"7/1/2022 5 p.m. EDT",19832,20170,18403,-1429
ISNE,"7/1/2022 6 p.m. EDT",20387,21000,18845,-1542
ISNE,"7/1/2022 7 p.m. EDT",20454,21100,18572,-1882
ISNE,"7/1/2022 8 p.m. EDT",20219,20490,18263,-1956
ISNE,"7/1/2022 9 p.m. EDT",19633,19670,17489,-2144
ISNE,"7/1/2022 10 p.m. EDT",18856,18810,16830,-2026
ISNE,"7/1/2022 11 p.m. EDT",17556,17430,15743,-1813
ISNE,"7/2/2022 12 a.m. EDT",16186,15950,14158,-2028
ISNE,"7/2/2022 1 a.m. EDT",15060,14850,12800,-2260
ISNE,"7/2/2022 2 a.m. EDT",14335,14010,12133,-2202
ISNE,"7/2/2022 3 a.m. EDT",14108,13420,11522,-2586
ISNE,"7/2/2022 4 a.m. EDT",13768,13020,10952,-2816
ISNE,"7/2/2022 5 a.m. EDT",13834,12710,11066,-2768
ISNE,"7/2/2022 6 a.m. EDT",13511,12630,10961,-2550
ISNE,"7/2/2022 7 a.m. EDT",13627,12920,11102,-2525
ISNE,"7/2/2022 8 a.m. EDT",13973,13510,12017,-1956
ISNE,"7/2/2022 9 a.m. EDT",14374,14360,12370,-2004
ISNE,"7/2/2022 10 a.m. EDT",14636,14710,12895,-1741
ISNE,"7/2/2022 11 a.m. EDT",15055,15100,13421,-1634
ISNE,"7/2/2022 12 p.m. EDT",15408,15470,13770,-1638
ISNE,"7/2/2022 1 p.m. EDT",15849,15710,14422,-1427
ISNE,"7/2/2022 2 p.m. EDT",15891,16070,14421,-1470
ISNE,"7/2/2022 3 p.m. EDT",16250,16380,14919,-1331
ISNE,"7/2/2022 4 p.m. EDT",16745,16890,15222,-1523
ISNE,"7/2/2022 5 p.m. EDT",17849,17410,16333,-1516
ISNE,"7/2/2022 6 p.m. EDT",18564,18000,17362,-1202
ISNE,"7/2/2022 7 p.m. EDT",18412,18250,17423,-989
ISNE,"7/2/2022 8 p.m. EDT",17844,17780,16356,-1488
ISNE,"7/2/2022 9 p.m. EDT",17299,17260,15828,-1471
ISNE,"7/2/2022 10 p.m. EDT",16673,16640,14919,-1754
ISNE,"7/2/2022 11 p.m. EDT",15582,15500,13813,-1769
ISNE,"7/3/2022 12 a.m. EDT",14376,14330,12343,-2033
ISNE,"7/3/2022 1 a.m. EDT",13308,13160,11330,-1978
ISNE,"7/3/2022 2 a.m. EDT",12636,12350,10692,-1944
ISNE,"7/3/2022 3 a.m. EDT",12265,11750,10211,-2054
ISNE,"7/3/2022 4 a.m. EDT",12153,11330,10201,-1952
ISNE,"7/3/2022 5 a.m. EDT",11975,11080,10237,-1738
ISNE,"7/3/2022 6 a.m. EDT",11848,10960,10008,-1840
ISNE,"7/3/2022 7 a.m. EDT",11855,11050,9982,-1873
ISNE,"7/3/2022 8 a.m. EDT",12101,11400,10256,-1845
ISNE,"7/3/2022 9 a.m. EDT",12512,11920,10623,-1889
ISNE,"7/3/2022 10 a.m. EDT",12878,12410,11113,-1765
ISNE,"7/3/2022 11 a.m. EDT",12895,12820,10987,-1908
ISNE,"7/3/2022 12 p.m. EDT",12834,13210,11240,-1594
ISNE,"7/3/2022 1 p.m. EDT",12834,12200,11619,-1215
ISNE,"7/3/2022 2 p.m. EDT",13061,12780,11742,-1319
ISNE,"7/3/2022 3 p.m. EDT",13521,13250,12209,-1312
ISNE,"7/3/2022 4 p.m. EDT",14289,14490,12937,-1352
ISNE,"7/3/2022 5 p.m. EDT",14866,15750,13561,-1305
ISNE,"7/3/2022 6 p.m. EDT",15987,16820,14706,-1281
ISNE,"7/3/2022 7 p.m. EDT",16619,17300,15253,-1366
ISNE,"7/3/2022 8 p.m. EDT",16325,17030,14803,-1522
ISNE,"7/3/2022 9 p.m. EDT",15578,16610,14086,-1492
ISNE,"7/3/2022 10 p.m. EDT",14940,15860,13314,-1626
ISNE,"7/3/2022 11 p.m. EDT",14014,14680,12206,-1808
ISNE,"7/4/2022 12 a.m. EDT",12952,13330,11294,-1658
ISNE,"7/4/2022 1 a.m. EDT",11962,11990,10416,-1546
ISNE,"7/4/2022 2 a.m. EDT",11259,11250,9611,-1648
ISNE,"7/4/2022 3 a.m. EDT",11277,10750,9402,-1875
ISNE,"7/4/2022 4 a.m. EDT",11215,10430,9188,-2027
ISNE,"7/4/2022 5 a.m. EDT",11116,10340,9175,-1941
ISNE,"7/4/2022 6 a.m. EDT",11106,10320,9020,-2086
ISNE,"7/4/2022 7 a.m. EDT",11324,10550,9477,-1847
ISNE,"7/4/2022 8 a.m. EDT",11362,10770,9681,-1681
ISNE,"7/4/2022 9 a.m. EDT",11135,10920,9738,-1397
ISNE,"7/4/2022 10 a.m. EDT",11049,11090,9952,-1097
ISNE,"7/4/2022 11 a.m. EDT",11314,11620,10240,-1074
ISNE,"7/4/2022 12 p.m. EDT",11839,11980,11123,-716
ISNE,"7/4/2022 1 p.m. EDT",12514,12380,11961,-553
ISNE,"7/4/2022 2 p.m. EDT",12947,12940,12154,-793
ISNE,"7/4/2022 3 p.m. EDT",13284,13340,12485,-799
ISNE,"7/4/2022 4 p.m. EDT",13919,14250,12805,-1114
ISNE,"7/4/2022 5 p.m. EDT",14793,15560,13610,-1183
ISNE,"7/4/2022 6 p.m. EDT",15785,16300,14536,-1249
ISNE,"7/4/2022 7 p.m. EDT",16348,16530,15127,-1221
ISNE,"7/4/2022 8 p.m. EDT",16150,16070,14919,-1231
ISNE,"7/4/2022 9 p.m. EDT",15624,15530,14291,-1333
ISNE,"7/4/2022 10 p.m. EDT",14980,14820,13562,-1418
ISNE,"7/4/2022 11 p.m. EDT",14002,13940,12524,-1478
ISNE,"7/5/2022 12 a.m. EDT",12929,12790,11689,-1240
ISNE,"7/5/2022 1 a.m. EDT",12023,12020,10605,-1418
ISNE,"7/5/2022 2 a.m. EDT",11882,11360,10220,-1662
ISNE,"7/5/2022 3 a.m. EDT",11461,10920,9774,-1687
ISNE,"7/5/2022 4 a.m. EDT",11484,10690,9601,-1883
ISNE,"7/5/2022 5 a.m. EDT",11573,10800,9671,-1902
ISNE,"7/5/2022 6 a.m. EDT",11782,11260,10103,-1679
ISNE,"7/5/2022 7 a.m. EDT",12315,12150,10533,-1782
ISNE,"7/5/2022 8 a.m. EDT",12999,13060,11533,-1466
ISNE,"7/5/2022 9 a.m. EDT",13705,13760,12465,-1240
ISNE,"7/5/2022 10 a.m. EDT",14189,14240,13164,-1025
ISNE,"7/5/2022 11 a.m. EDT",14812,14860,13699,-1113
ISNE,"7/5/2022 12 p.m. EDT",15482,15510,14520,-962
ISNE,"7/5/2022 1 p.m. EDT",15873,15910,14933,-940
ISNE,"7/5/2022 2 p.m. EDT",16070,16110,15024,-1046
ISNE,"7/5/2022 3 p.m. EDT",16013,16050,15128,-885
ISNE,"7/5/2022 4 p.m. EDT",16058,16100,15028,-1030
ISNE,"7/5/2022 5 p.m. EDT",16007,16000,15008,-999
ISNE,"7/5/2022 6 p.m. EDT",16263,16230,15275,-988
ISNE,"7/5/2022 7 p.m. EDT",16309,16220,15352,-957
ISNE,"7/5/2022 8 p.m. EDT",16082,16170,15054,-1028
ISNE,"7/5/2022 9 p.m. EDT",15746,15790,14760,-986
ISNE,"7/5/2022 10 p.m. EDT",15137,15480,13968,-1169
ISNE,"7/5/2022 11 p.m. EDT",14067,14500,12845,-1222
ISNE,"7/6/2022 12 a.m. EDT",13251,13500,12033,-1218
ISNE,"7/6/2022 1 a.m. EDT",12462,12230,11389,-1073
ISNE,"7/6/2022 2 a.m. EDT",12526,11760,11133,-1393
ISNE,"7/6/2022 3 a.m. EDT",12300,11500,10833,-1467
ISNE,"7/6/2022 4 a.m. EDT",12235,11440,10787,-1448
ISNE,"7/6/2022 5 a.m. EDT",12438,11690,10975,-1463
ISNE,"7/6/2022 6 a.m. EDT",12701,12280,11266,-1435
ISNE,"7/6/2022 7 a.m. EDT",13226,13310,11922,-1304
ISNE,"7/6/2022 8 a.m. EDT",14319,14390,13052,-1267
ISNE,"7/6/2022 9 a.m. EDT",15084,15140,13796,-1288
ISNE,"7/6/2022 10 a.m. EDT",15575,15620,14450,-1125
ISNE,"7/6/2022 11 a.m. EDT",15748,15770,14557,-1191
ISNE,"7/6/2022 12 p.m. EDT",15961,15970,14913,-1048
ISNE,"7/6/2022 1 p.m. EDT",16025,16060,14916,-1109
ISNE,"7/6/2022 2 p.m. EDT",16190,16250,14944,-1246
ISNE,"7/6/2022 3 p.m. EDT",16342,16420,15119,-1223
ISNE,"7/6/2022 4 p.m. EDT",16710,16780,15502,-1208
ISNE,"7/6/2022 5 p.m. EDT",17170,17280,16450,-720
ISNE,"7/6/2022 6 p.m. EDT",17837,18010,17156,-681
ISNE,"7/6/2022 7 p.m. EDT",18140,18570,17187,-953
ISNE,"7/6/2022 8 p.m. EDT",17931,18080,16620,-1311
ISNE,"7/6/2022 9 p.m. EDT",17260,17590,15940,-1320
ISNE,"7/6/2022 10 p.m. EDT",16449,16770,14983,-1466
ISNE,"7/6/2022 11 p.m. EDT",15014,15360,13516,-1498
ISNE,"7/7/2022 12 a.m. EDT",13571,13860,12496,-1075
ISNE,"7/7/2022 1 a.m. EDT",12513,12510,11196,-1317
ISNE,"7/7/2022 2 a.m. EDT",12074,11770,10974,-1100
ISNE,"7/7/2022 3 a.m. EDT",11577,11290,10420,-1157
ISNE,"7/7/2022 4 a.m. EDT",11292,11000,10214,-1078
ISNE,"7/7/2022 5 a.m. EDT",11321,11050,10244,-1077
ISNE,"7/7/2022 6 a.m. EDT",11691,11430,10660,-1031
ISNE,"7/7/2022 7 a.m. EDT",12402,12310,11343,-1059
ISNE,"7/7/2022 8 a.m. EDT",12964,13030,11863,-1101
ISNE,"7/7/2022 9 a.m. EDT",13182,13220,12111,-1071
ISNE,"7/7/2022 10 a.m. EDT",13215,13250,12568,-647
ISNE,"7/7/2022 11 a.m. EDT",13399,13550,12794,-605
ISNE,"7/7/2022 12 p.m. EDT",14006,14100,13288,-718
ISNE,"7/7/2022 1 p.m. EDT",14635,14570,13937,-698
ISNE,"7/7/2022 2 p.m. EDT",15127,14930,14488,-639
ISNE,"7/7/2022 3 p.m. EDT",15441,15270,14654,-787
ISNE,"7/7/2022 4 p.m. EDT",15900,15770,15065,-835
ISNE,"7/7/2022 5 p.m. EDT",16523,16480,15772,-751
ISNE,"7/7/2022 6 p.m. EDT",17187,17170,16017,-1170
ISNE,"7/7/2022 7 p.m. EDT",17385,17420,16249,-1136
ISNE,"7/7/2022 8 p.m. EDT",17036,17030,15553,-1483
ISNE,"7/7/2022 9 p.m. EDT",16492,16550,14926,-1566
ISNE,"7/7/2022 10 p.m. EDT",15847,15900,14484,-1363
ISNE,"7/7/2022 11 p.m. EDT",14566,14630,13090,-1476
ISNE,"7/8/2022 12 a.m. EDT",13305,13360,11572,-1733
ISNE,"7/8/2022 1 a.m. EDT",12653,12300,10747,-1906
ISNE,"7/8/2022 2 a.m. EDT",12449,11610,10428,-2021
ISNE,"7/8/2022 3 a.m. EDT",12271,11200,10235,-2036
ISNE,"7/8/2022 4 a.m. EDT",12038,10970,10211,-1827
ISNE,"7/8/2022 5 a.m. EDT",12101,11060,10244,-1857
ISNE,"7/8/2022 6 a.m. EDT",12235,11470,10340,-1895
ISNE,"7/8/2022 7 a.m. EDT",12692,12270,10765,-1927
ISNE,"7/8/2022 8 a.m. EDT",13147,13080,11249,-1898
ISNE,"7/8/2022 9 a.m. EDT",13595,13440,11929,-1666
ISNE,"7/8/2022 10 a.m. EDT",13774,13500,12426,-1348
ISNE,"7/8/2022 11 a.m. EDT",13960,14100,12951,-1009
ISNE,"7/8/2022 12 p.m. EDT",14478,14760,13455,-1023
ISNE,"7/8/2022 1 p.m. EDT",14994,15080,14008,-986
ISNE,"7/8/2022 2 p.m. EDT",15866,15940,14801,-1065
ISNE,"7/8/2022 3 p.m. EDT",16496,16470,15322,-1174
ISNE,"7/8/2022 4 p.m. EDT",16977,17020,15632,-1345
ISNE,"7/8/2022 5 p.m. EDT",17607,17590,16052,-1555
ISNE,"7/8/2022 6 p.m. EDT",18137,18450,16374,-1763
ISNE,"7/8/2022 7 p.m. EDT",18229,18440,16759,-1470
ISNE,"7/8/2022 8 p.m. EDT",17920,17950,16266,-1654
ISNE,"7/8/2022 9 p.m. EDT",17546,17410,15485,-2061
ISNE,"7/8/2022 10 p.m. EDT",16920,16710,14796,-2124
ISNE,"7/8/2022 11 p.m. EDT",15776,15540,13670,-2106
ISNE,"7/9/2022 12 a.m. EDT",14552,14270,12776,-1776
ISNE,"7/9/2022 1 a.m. EDT",13501,13500,11428,-2073
ISNE,"7/9/2022 2 a.m. EDT",12668,12680,10645,-2023
ISNE,"7/9/2022 3 a.m. EDT",12061,12090,10321,-1740
ISNE,"7/9/2022 4 a.m. EDT",11970,11690,10368,-1602
ISNE,"7/9/2022 5 a.m. EDT",11760,11460,10243,-1517
ISNE,"7/9/2022 6 a.m. EDT",11882,11350,10277,-1605
ISNE,"7/9/2022 7 a.m. EDT",12100,11560,10558,-1542
ISNE,"7/9/2022 8 a.m. EDT",12401,11850,10675,-1726
ISNE,"7/9/2022 9 a.m. EDT",12235,11990,10610,-1625
ISNE,"7/9/2022 10 a.m. EDT",12248,12020,10759,-1489
ISNE,"7/9/2022 11 a.m. EDT",12442,12120,11226,-1216
ISNE,"7/9/2022 12 p.m. EDT",12805,12320,11682,-1123
ISNE,"7/9/2022 1 p.m. EDT",13022,12540,11871,-1151
ISNE,"7/9/2022 2 p.m. EDT",13233,12760,11866,-1367
ISNE,"7/9/2022 3 p.m. EDT",13179,13150,11592,-1587
ISNE,"7/9/2022 4 p.m. EDT",13771,13840,12532,-1239
ISNE,"7/9/2022 5 p.m. EDT",14778,14850,13210,-1568
ISNE,"7/9/2022 6 p.m. EDT",15792,15860,14071,-1721
ISNE,"7/9/2022 7 p.m. EDT",16367,16340,14391,-1976
ISNE,"7/9/2022 8 p.m. EDT",16124,16020,14154,-1970
ISNE,"7/9/2022 9 p.m. EDT",15471,15420,13378,-2093
ISNE,"7/9/2022 10 p.m. EDT",14832,14820,12914,-1918
ISNE,"7/9/2022 11 p.m. EDT",13767,13700,12012,-1755
ISNE,"7/10/2022 12 a.m. EDT",12644,12610,10556,-2088
ISNE,"7/10/2022 1 a.m. EDT",11709,11730,9971,-1738
ISNE,"7/10/2022 2 a.m. EDT",11200,11040,9664,-1536
ISNE,"7/10/2022 3 a.m. EDT",11195,10540,9480,-1715
ISNE,"7/10/2022 4 a.m. EDT",11219,10240,9457,-1762
ISNE,"7/10/2022 5 a.m. EDT",11143,10070,9472,-1671
ISNE,"7/10/2022 6 a.m. EDT",10845,9930,9229,-1616
ISNE,"7/10/2022 7 a.m. EDT",11090,10010,9275,-1815
ISNE,"7/10/2022 8 a.m. EDT",11185,10110,9304,-1881
ISNE,"7/10/2022 9 a.m. EDT",10976,10170,9520,-1456
ISNE,"7/10/2022 10 a.m. EDT",10728,10170,9448,-1280
ISNE,"7/10/2022 11 a.m. EDT",11050,10460,9806,-1244
ISNE,"7/10/2022 12 p.m. EDT",11344,10850,10175,-1169
ISNE,"7/10/2022 1 p.m. EDT",11616,11210,10641,-975
ISNE,"7/10/2022 2 p.m. EDT",11530,11640,10686,-844
ISNE,"7/10/2022 3 p.m. EDT",12083,12090,11154,-929
ISNE,"7/10/2022 4 p.m. EDT",12682,13200,11719,-963
ISNE,"7/10/2022 5 p.m. EDT",13893,14360,12979,-914
ISNE,"7/10/2022 6 p.m. EDT",15153,15450,14175,-978
ISNE,"7/10/2022 7 p.m. EDT",15889,16000,14683,-1206
ISNE,"7/10/2022 8 p.m. EDT",15797,15530,14330,-1467
ISNE,"7/10/2022 9 p.m. EDT",15395,15100,14053,-1342
ISNE,"7/10/2022 10 p.m. EDT",14863,14740,13511,-1352
ISNE,"7/10/2022 11 p.m. EDT",13726,13580,12242,-1484
ISNE,"7/11/2022 12 a.m. EDT",12547,12490,10826,-1721
ISNE,"7/11/2022 1 a.m. EDT",11754,11660,10060,-1694
ISNE,"7/11/2022 2 a.m. EDT",11694,11070,9915,-1779
ISNE,"7/11/2022 3 a.m. EDT",11731,10690,9883,-1848
ISNE,"7/11/2022 4 a.m. EDT",11562,10510,9535,-2027
ISNE,"7/11/2022 5 a.m. EDT",11715,10630,9584,-2131
ISNE,"7/11/2022 6 a.m. EDT",12062,11050,10026,-2036
ISNE,"7/11/2022 7 a.m. EDT",12280,11950,10321,-1959
ISNE,"7/11/2022 8 a.m. EDT",13322,12900,11341,-1981
ISNE,"7/11/2022 9 a.m. EDT",13650,13350,11829,-1821
ISNE,"7/11/2022 10 a.m. EDT",13488,13540,12107,-1381
ISNE,"7/11/2022 11 a.m. EDT",13740,13850,12474,-1266
ISNE,"7/11/2022 12 p.m. EDT",14047,14300,12670,-1377
ISNE,"7/11/2022 1 p.m. EDT",14733,14810,13484,-1249
ISNE,"7/11/2022 2 p.m. EDT",15569,15560,14443,-1126
ISNE,"7/11/2022 3 p.m. EDT",16124,16050,15038,-1086
ISNE,"7/11/2022 4 p.m. EDT",16663,16840,15644,-1019
ISNE,"7/11/2022 5 p.m. EDT",17436,17760,16451,-985
ISNE,"7/11/2022 6 p.m. EDT",18331,18590,17345,-986
ISNE,"7/11/2022 7 p.m. EDT",18729,18800,17421,-1308
ISNE,"7/11/2022 8 p.m. EDT",18369,18080,16638,-1731
ISNE,"7/11/2022 9 p.m. EDT",17632,17470,15865,-1767
ISNE,"7/11/2022 10 p.m. EDT",16787,16540,15325,-1462
ISNE,"7/11/2022 11 p.m. EDT",15347,15160,13720,-1627
ISNE,"7/12/2022 12 a.m. EDT",13979,13730,12125,-1854
ISNE,"7/12/2022 1 a.m. EDT",13517,12870,11528,-1989
ISNE,"7/12/2022 2 a.m. EDT",13039,12180,11076,-1963
ISNE,"7/12/2022 3 a.m. EDT",12758,11750,10862,-1896
ISNE,"7/12/2022 4 a.m. EDT",12602,11540,10614,-1988
ISNE,"7/12/2022 5 a.m. EDT",12689,11660,10671,-2018
ISNE,"7/12/2022 6 a.m. EDT",12923,12220,10890,-2033
ISNE,"7/12/2022 7 a.m. EDT",13458,13240,11512,-1946
ISNE,"7/12/2022 8 a.m. EDT",14082,14310,12214,-1868
ISNE,"7/12/2022 9 a.m. EDT",14472,14660,12856,-1616
ISNE,"7/12/2022 10 a.m. EDT",14770,14820,13381,-1389
ISNE,"7/12/2022 11 a.m. EDT",15297,15480,14053,-1244
ISNE,"7/12/2022 12 p.m. EDT",15939,16250,14802,-1137
ISNE,"7/12/2022 1 p.m. EDT",16584,16880,15480,-1104
ISNE,"7/12/2022 2 p.m. EDT",17501,17600,16254,-1247
ISNE,"7/12/2022 3 p.m. EDT",18300,18150,17281,-1019
ISNE,"7/12/2022 4 p.m. EDT",18931,18670,17927,-1004
ISNE,"7/12/2022 5 p.m. EDT",19643,19460,18416,-1227
ISNE,"7/12/2022 6 p.m. EDT",20488,19900,19176,-1312
ISNE,"7/12/2022 7 p.m. EDT",20460,20250,18696,-1764
ISNE,"7/12/2022 8 p.m. EDT",19947,19750,18403,-1544
ISNE,"7/12/2022 9 p.m. EDT",19327,19110,17926,-1401
ISNE,"7/12/2022 10 p.m. EDT",18399,18270,16724,-1675
ISNE,"7/12/2022 11 p.m. EDT",16900,16880,15367,-1533
ISNE,"7/13/2022 12 a.m. EDT",15453,15440,13816,-1637
ISNE,"7/13/2022 1 a.m. EDT",14642,14350,12744,-1898
ISNE,"7/13/2022 2 a.m. EDT",14309,13490,12126,-2183
ISNE,"7/13/2022 3 a.m. EDT",14063,12930,11797,-2266
ISNE,"7/13/2022 4 a.m. EDT",13776,12560,11305,-2471
ISNE,"7/13/2022 5 a.m. EDT",13775,12570,11290,-2485
ISNE,"7/13/2022 6 a.m. EDT",14141,12990,11839,-2302
ISNE,"7/13/2022 7 a.m. EDT",14395,13830,12260,-2135
ISNE,"7/13/2022 8 a.m. EDT",14975,14720,12916,-2059
ISNE,"7/13/2022 9 a.m. EDT",15344,15310,13496,-1848
ISNE,"7/13/2022 10 a.m. EDT",15531,15500,14022,-1509
ISNE,"7/13/2022 11 a.m. EDT",16244,16150,14991,-1253
ISNE,"7/13/2022 12 p.m. EDT",17003,16700,15733,-1270
ISNE,"7/13/2022 1 p.m. EDT",17458,17310,16193,-1265
ISNE,"7/13/2022 2 p.m. EDT",18060,18100,16900,-1160
ISNE,"7/13/2022 3 p.m. EDT",18628,19030,17739,-889
ISNE,"7/13/2022 4 p.m. EDT",19137,19770,18225,-912
ISNE,"7/13/2022 5 p.m. EDT",19534,20600,18790,-744
ISNE,"7/13/2022 6 p.m. EDT",20133,21370,19194,-939
ISNE,"7/13/2022 7 p.m. EDT",20429,21750,19409,-1020
ISNE,"7/13/2022 8 p.m. EDT",20278,20580,18957,-1321
ISNE,"7/13/2022 9 p.m. EDT",19549,19610,18110,-1439
ISNE,"7/13/2022 10 p.m. EDT",18589,18400,17103,-1486
ISNE,"7/13/2022 11 p.m. EDT",16982,16810,15540,-1442
ISNE,"7/14/2022 12 a.m. EDT",15390,15250,14125,-1265
ISNE,"7/14/2022 1 a.m. EDT",14643,14210,12992,-1651
ISNE,"7/14/2022 2 a.m. EDT",14470,13410,12664,-1806
ISNE,"7/14/2022 3 a.m. EDT",13970,12880,12249,-1721
ISNE,"7/14/2022 4 a.m. EDT",13628,12560,11900,-1728
ISNE,"7/14/2022 5 a.m. EDT",13605,12560,11964,-1641
ISNE,"7/14/2022 6 a.m. EDT",14069,13040,12488,-1581
ISNE,"7/14/2022 7 a.m. EDT",14730,13900,13071,-1659
ISNE,"7/14/2022 8 a.m. EDT",14745,14720,13182,-1563
ISNE,"7/14/2022 9 a.m. EDT",15315,15080,13700,-1615
ISNE,"7/14/2022 10 a.m. EDT",15517,15310,14252,-1265
ISNE,"7/14/2022 11 a.m. EDT",15947,15720,14773,-1174
ISNE,"7/14/2022 12 p.m. EDT",16587,16350,15496,-1091
ISNE,"7/14/2022 1 p.m. EDT",17146,17050,15972,-1174
ISNE,"7/14/2022 2 p.m. EDT",17554,17610,16050,-1504
ISNE,"7/14/2022 3 p.m. EDT",18056,18090,16491,-1565
ISNE,"7/14/2022 4 p.m. EDT",18721,18490,17106,-1615
ISNE,"7/14/2022 5 p.m. EDT",19245,18920,17849,-1396
ISNE,"7/14/2022 6 p.m. EDT",19667,19500,17831,-1836
ISNE,"7/14/2022 7 p.m. EDT",19785,19320,17624,-2161
ISNE,"7/14/2022 8 p.m. EDT",19390,18790,17371,-2019
ISNE,"7/14/2022 9 p.m. EDT",18743,18190,16845,-1898
ISNE,"7/14/2022 10 p.m. EDT",17834,17340,16030,-1804
ISNE,"7/14/2022 11 p.m. EDT",16312,15920,14600,-1712
ISNE,"7/15/2022 12 a.m. EDT",14751,14430,13223,-1528
ISNE,"7/15/2022 1 a.m. EDT",13619,13520,11999,-1620
ISNE,"7/15/2022 2 a.m. EDT",13211,12650,11392,-1819
ISNE,"7/15/2022 3 a.m. EDT",12738,12080,11110,-1628
ISNE,"7/15/2022 4 a.m. EDT",12527,11720,10886,-1641
ISNE,"7/15/2022 5 a.m. EDT",12467,11680,10923,-1544
ISNE,"7/15/2022 6 a.m. EDT",12803,12010,11226,-1577
ISNE,"7/15/2022 7 a.m. EDT",13276,12860,11838,-1438
ISNE,"7/15/2022 8 a.m. EDT",13857,13600,12247,-1610
ISNE,"7/15/2022 9 a.m. EDT",13776,13800,12495,-1281
ISNE,"7/15/2022 10 a.m. EDT",14026,13880,13078,-948
ISNE,"7/15/2022 11 a.m. EDT",14288,14120,13471,-817
ISNE,"7/15/2022 12 p.m. EDT",14604,14550,13806,-798
ISNE,"7/15/2022 1 p.m. EDT",14950,15050,14135,-815
ISNE,"7/15/2022 2 p.m. EDT",15314,15640,14420,-894
ISNE,"7/15/2022 3 p.m. EDT",15925,16320,14785,-1140
ISNE,"7/15/2022 4 p.m. EDT",16688,17070,15580,-1108
ISNE,"7/15/2022 5 p.m. EDT",17374,18120,16268,-1106
ISNE,"7/15/2022 6 p.m. EDT",18064,18760,16835,-1229
ISNE,"7/15/2022 7 p.m. EDT",18280,18830,16826,-1454
ISNE,"7/15/2022 8 p.m. EDT",17901,18040,16339,-1562
ISNE,"7/15/2022 9 p.m. EDT",17242,17390,15623,-1619
ISNE,"7/15/2022 10 p.m. EDT",16509,16670,14778,-1731
ISNE,"7/15/2022 11 p.m. EDT",15246,15460,13340,-1906
ISNE,"7/16/2022 12 a.m. EDT",13957,14130,11972,-1985
ISNE,"7/16/2022 1 a.m. EDT",12910,12890,10898,-2012
ISNE,"7/16/2022 2 a.m. EDT",12913,12140,10611,-2302
ISNE,"7/16/2022 3 a.m. EDT",12677,11610,10584,-2093
ISNE,"7/16/2022 4 a.m. EDT",12337,11280,10275,-2062
ISNE,"7/16/2022 5 a.m. EDT",12191,11140,10170,-2021
ISNE,"7/16/2022 6 a.m. EDT",12225,11170,10230,-1995
ISNE,"7/16/2022 7 a.m. EDT",12441,11400,10211,-2230
ISNE,"7/16/2022 8 a.m. EDT",12665,11830,10901,-1764
ISNE,"7/16/2022 9 a.m. EDT",13078,12430,11729,-1349
ISNE,"7/16/2022 10 a.m. EDT",13108,12910,11938,-1170
ISNE,"7/16/2022 11 a.m. EDT",13657,13460,12569,-1088
ISNE,"7/16/2022 12 p.m. EDT",14145,13960,13001,-1144
ISNE,"7/16/2022 1 p.m. EDT",14573,14380,13338,-1235
ISNE,"7/16/2022 2 p.m. EDT",14677,14660,13510,-1167
ISNE,"7/16/2022 3 p.m. EDT",14900,15120,13892,-1008
ISNE,"7/16/2022 4 p.m. EDT",15396,15790,14307,-1089
ISNE,"7/16/2022 5 p.m. EDT",15913,16250,14778,-1135
ISNE,"7/16/2022 6 p.m. EDT",16522,16900,15328,-1194
ISNE,"7/16/2022 7 p.m. EDT",16758,17250,15765,-993
ISNE,"7/16/2022 8 p.m. EDT",16597,17160,15622,-975
ISNE,"7/16/2022 9 p.m. EDT",16423,16710,15348,-1075
ISNE,"7/16/2022 10 p.m. EDT",16035,16430,14726,-1309
ISNE,"7/16/2022 11 p.m. EDT",15109,15380,13508,-1601
ISNE,"7/17/2022 12 a.m. EDT",14061,14250,12220,-1841
ISNE,"7/17/2022 1 a.m. EDT",13161,13190,11226,-1935
ISNE,"7/17/2022 2 a.m. EDT",12944,12560,10492,-2452
ISNE,"7/17/2022 3 a.m. EDT",12618,12080,10249,-2369
ISNE,"7/17/2022 4 a.m. EDT",12289,11760,9950,-2339
ISNE,"7/17/2022 5 a.m. EDT",12320,11650,9774,-2546
ISNE,"7/17/2022 6 a.m. EDT",12309,11610,9790,-2519
ISNE,"7/17/2022 7 a.m. EDT",12213,11750,9687,-2526
ISNE,"7/17/2022 8 a.m. EDT",12625,12190,10649,-1976
ISNE,"7/17/2022 9 a.m. EDT",12745,12730,11176,-1569
ISNE,"7/17/2022 10 a.m. EDT",13174,13360,11826,-1348
ISNE,"7/17/2022 11 a.m. EDT",13916,13940,12642,-1274
ISNE,"7/17/2022 12 p.m. EDT",14840,14830,13721,-1119
ISNE,"7/17/2022 1 p.m. EDT",15901,15610,14820,-1081
ISNE,"7/17/2022 2 p.m. EDT",16496,16330,15240,-1256
ISNE,"7/17/2022 3 p.m. EDT",16945,17020,15656,-1289
ISNE,"7/17/2022 4 p.m. EDT",17507,17700,16114,-1393
ISNE,"7/17/2022 5 p.m. EDT",18341,18500,17111,-1230
ISNE,"7/17/2022 6 p.m. EDT",19213,19320,17749,-1464
ISNE,"7/17/2022 7 p.m. EDT",19622,19660,17639,-1983
ISNE,"7/17/2022 8 p.m. EDT",19325,19380,17328,-1997
ISNE,"7/17/2022 9 p.m. EDT",18902,18850,17056,-1846
ISNE,"7/17/2022 10 p.m. EDT",18185,18050,16249,-1936
ISNE,"7/17/2022 11 p.m. EDT",16773,16660,14853,-1920
ISNE,"7/18/2022 12 a.m. EDT",15334,15230,13247,-2087
ISNE,"7/18/2022 1 a.m. EDT",14527,14280,12557,-1970
ISNE,"7/18/2022 2 a.m. EDT",14299,13580,12232,-2067
ISNE,"7/18/2022 3 a.m. EDT",14162,13150,12197,-1965
ISNE,"7/18/2022 4 a.m. EDT",13991,12950,12062,-1929
ISNE,"7/18/2022 5 a.m. EDT",14139,13040,12175,-1964
ISNE,"7/18/2022 6 a.m. EDT",14222,13510,12439,-1783
ISNE,"7/18/2022 7 a.m. EDT",14683,14480,12973,-1710
ISNE,"7/18/2022 8 a.m. EDT",15788,15640,14107,-1681
ISNE,"7/18/2022 9 a.m. EDT",16647,16540,14871,-1776
ISNE,"7/18/2022 10 a.m. EDT",17426,17330,15653,-1773
ISNE,"7/18/2022 11 a.m. EDT",18201,17980,16422,-1779
ISNE,"7/18/2022 12 p.m. EDT",18697,18710,16843,-1854
ISNE,"7/18/2022 1 p.m. EDT",18899,19160,16897,-2002
ISNE,"7/18/2022 2 p.m. EDT",19164,19440,17235,-1929
ISNE,"7/18/2022 3 p.m. EDT",19230,19700,17413,-1817
ISNE,"7/18/2022 4 p.m. EDT",19200,19880,17290,-1910
ISNE,"7/18/2022 5 p.m. EDT",18946,19960,17217,-1729
ISNE,"7/18/2022 6 p.m. EDT",19112,20140,17417,-1695
ISNE,"7/18/2022 7 p.m. EDT",19073,20190,17560,-1513
ISNE,"7/18/2022 8 p.m. EDT",18808,19770,17484,-1324
ISNE,"7/18/2022 9 p.m. EDT",18558,19440,17172,-1386
ISNE,"7/18/2022 10 p.m. EDT",17889,18640,16523,-1366
ISNE,"7/18/2022 11 p.m. EDT",16701,17380,14932,-1769
ISNE,"7/19/2022 12 a.m. EDT",15550,16010,13559,-1991
ISNE,"7/19/2022 1 a.m. EDT",15336,14880,12954,-2382
ISNE,"7/19/2022 2 a.m. EDT",14995,14160,12509,-2486
ISNE,"7/19/2022 3 a.m. EDT",14571,13730,12085,-2486
ISNE,"7/19/2022 4 a.m. EDT",14350,13580,11863,-2487
ISNE,"7/19/2022 5 a.m. EDT",14382,13510,11976,-2406
ISNE,"7/19/2022 6 a.m. EDT",14899,14090,12614,-2285
ISNE,"7/19/2022 7 a.m. EDT",15918,15030,13751,-2167
ISNE,"7/19/2022 8 a.m. EDT",16717,16160,14588,-2129
ISNE,"7/19/2022 9 a.m. EDT",16648,16840,14555,-2093
ISNE,"7/19/2022 10 a.m. EDT",16687,17200,14799,-1888
ISNE,"7/19/2022 11 a.m. EDT",17056,17570,15385,-1671
ISNE,"7/19/2022 12 p.m. EDT",17732,18280,16140,-1592
ISNE,"7/19/2022 1 p.m. EDT",18497,19310,16894,-1603
ISNE,"7/19/2022 2 p.m. EDT",19405,20200,17570,-1835
ISNE,"7/19/2022 3 p.m. EDT",20160,20830,17877,-2283
ISNE,"7/19/2022 4 p.m. EDT",21031,21650,18890,-2141
ISNE,"7/19/2022 5 p.m. EDT",21911,22570,19658,-2253
ISNE,"7/19/2022 6 p.m. EDT",22419,23200,19883,-2536
ISNE,"7/19/2022 7 p.m. EDT",22597,23110,19817,-2780
ISNE,"7/19/2022 8 p.m. EDT",22379,22580,19602,-2777
ISNE,"7/19/2022 9 p.m. EDT",21667,21930,18875,-2792
ISNE,"7/19/2022 10 p.m. EDT",20587,20850,17717,-2870
ISNE,"7/19/2022 11 p.m. EDT",18862,19000,16102,-2760
ISNE,"7/20/2022 12 a.m. EDT",17406,17300,14977,-2429
ISNE,"7/20/2022 1 a.m. EDT",16652,15890,13967,-2685
ISNE,"7/20/2022 2 a.m. EDT",15994,14980,13436,-2558
ISNE,"7/20/2022 3 a.m. EDT",15352,14370,12869,-2483
ISNE,"7/20/2022 4 a.m. EDT",14975,14050,12410,-2565
ISNE,"7/20/2022 5 a.m. EDT",14951,13930,12325,-2626
ISNE,"7/20/2022 6 a.m. EDT",15368,14510,12698,-2670
ISNE,"7/20/2022 7 a.m. EDT",16400,15380,13583,-2817
ISNE,"7/20/2022 8 a.m. EDT",17391,16740,14449,-2942
ISNE,"7/20/2022 9 a.m. EDT",17604,17550,14729,-2875
ISNE,"7/20/2022 10 a.m. EDT",18346,18100,15634,-2712
ISNE,"7/20/2022 11 a.m. EDT",19151,18890,16286,-2865
ISNE,"7/20/2022 12 p.m. EDT",19897,19850,16973,-2924
ISNE,"7/20/2022 1 p.m. EDT",20727,20880,17695,-3032
ISNE,"7/20/2022 2 p.m. EDT",21562,21870,18404,-3158
ISNE,"7/20/2022 3 p.m. EDT",22223,22570,19135,-3088
ISNE,"7/20/2022 4 p.m. EDT",22773,23190,19600,-3173
ISNE,"7/20/2022 5 p.m. EDT",23152,23810,19924,-3228
ISNE,"7/20/2022 6 p.m. EDT",23901,24360,20737,-3164
ISNE,"7/20/2022 7 p.m. EDT",24233,24290,20922,-3311
ISNE,"7/20/2022 8 p.m. EDT",23969,23710,20791,-3178
ISNE,"7/20/2022 9 p.m. EDT",23272,23040,20106,-3166
ISNE,"7/20/2022 10 p.m. EDT",22133,21800,19041,-3092
ISNE,"7/20/2022 11 p.m. EDT",20398,20100,17277,-3121
ISNE,"7/21/2022 12 a.m. EDT",19022,18280,16116,-2906
ISNE,"7/21/2022 1 a.m. EDT",18003,17140,14962,-3041
ISNE,"7/21/2022 2 a.m. EDT",17013,16140,14141,-2872
ISNE,"7/21/2022 3 a.m. EDT",16482,15440,13938,-2544
ISNE,"7/21/2022 4 a.m. EDT",16373,15030,13743,-2630
ISNE,"7/21/2022 5 a.m. EDT",16275,15000,13695,-2580
ISNE,"7/21/2022 6 a.m. EDT",16654,15450,14151,-2503
ISNE,"7/21/2022 7 a.m. EDT",17612,16550,15040,-2572
ISNE,"7/21/2022 8 a.m. EDT",18680,17750,16136,-2544
ISNE,"7/21/2022 9 a.m. EDT",19100,18580,16611,-2489
ISNE,"7/21/2022 10 a.m. EDT",19243,19230,16774,-2469
ISNE,"7/21/2022 11 a.m. EDT",20053,20020,17487,-2566
ISNE,"7/21/2022 12 p.m. EDT",21002,20930,18348,-2654
ISNE,"7/21/2022 1 p.m. EDT",21798,21720,18912,-2886
ISNE,"7/21/2022 2 p.m. EDT",22561,22530,19575,-2986
ISNE,"7/21/2022 3 p.m. EDT",23163,23050,20163,-3000
ISNE,"7/21/2022 4 p.m. EDT",23271,23500,20271,-3000
ISNE,"7/21/2022 5 p.m. EDT",22904,23780,19976,-2928
ISNE,"7/21/2022 6 p.m. EDT",22999,24100,20019,-2980
ISNE,"7/21/2022 7 p.m. EDT",23214,23890,20454,-2760
ISNE,"7/21/2022 8 p.m. EDT",23038,23330,20334,-2704
ISNE,"7/21/2022 9 p.m. EDT",22360,22690,19647,-2713
ISNE,"7/21/2022 10 p.m. EDT",21371,21530,18672,-2699
ISNE,"7/21/2022 11 p.m. EDT",19760,19830,17019,-2741
ISNE,"7/22/2022 12 a.m. EDT",18170,18160,15057,-3113
ISNE,"7/22/2022 1 a.m. EDT",17397,16850,14147,-3250
ISNE,"7/22/2022 2 a.m. EDT",16858,15770,13712,-3146
ISNE,"7/22/2022 3 a.m. EDT",16207,15080,12943,-3264
ISNE,"7/22/2022 4 a.m. EDT",15736,14650,12460,-3276
ISNE,"7/22/2022 5 a.m. EDT",15588,14460,12344,-3244
ISNE,"7/22/2022 6 a.m. EDT",15897,14780,12664,-3233
ISNE,"7/22/2022 7 a.m. EDT",16413,15750,13372,-3041
ISNE,"7/22/2022 8 a.m. EDT",17078,17030,14015,-3063
ISNE,"7/22/2022 9 a.m. EDT",17581,17780,14803,-2778
ISNE,"7/22/2022 10 a.m. EDT",18078,18120,15527,-2551
ISNE,"7/22/2022 11 a.m. EDT",18861,19000,16165,-2696
ISNE,"7/22/2022 12 p.m. EDT",19671,19890,17049,-2622
ISNE,"7/22/2022 1 p.m. EDT",20040,20650,17442,-2598
ISNE,"7/22/2022 2 p.m. EDT",20765,21410,18045,-2720
ISNE,"7/22/2022 3 p.m. EDT",21375,22090,18507,-2868
ISNE,"7/22/2022 4 p.m. EDT",21964,22580,19114,-2850
ISNE,"7/22/2022 5 p.m. EDT",22458,23130,19749,-2709
ISNE,"7/22/2022 6 p.m. EDT",23006,23750,19939,-3067
ISNE,"7/22/2022 7 p.m. EDT",23079,23340,19944,-3135
ISNE,"7/22/2022 8 p.m. EDT",22499,22550,19388,-3111
ISNE,"7/22/2022 9 p.m. EDT",21630,21870,18334,-3296
ISNE,"7/22/2022 10 p.m. EDT",20644,20730,17380,-3264
ISNE,"7/22/2022 11 p.m. EDT",19101,19150,16262,-2839
ISNE,"7/23/2022 12 a.m. EDT",17744,17500,14835,-2909
ISNE,"7/23/2022 1 a.m. EDT",16426,16060,13612,-2814
ISNE,"7/23/2022 2 a.m. EDT",15984,14910,13166,-2818
ISNE,"7/23/2022 3 a.m. EDT",15620,14180,12887,-2733
ISNE,"7/23/2022 4 a.m. EDT",15400,14110,12537,-2863
ISNE,"7/23/2022 5 a.m. EDT",15146,13730,12246,-2900
ISNE,"7/23/2022 6 a.m. EDT",15095,13770,12305,-2790
ISNE,"7/23/2022 7 a.m. EDT",15164,14020,12446,-2718
ISNE,"7/23/2022 8 a.m. EDT",15594,14820,12989,-2605
ISNE,"7/23/2022 9 a.m. EDT",15933,15780,13689,-2244
ISNE,"7/23/2022 10 a.m. EDT",16459,16540,14466,-1993
ISNE,"7/23/2022 11 a.m. EDT",17329,17450,15105,-2224
ISNE,"7/23/2022 12 p.m. EDT",18142,18450,15887,-2255
ISNE,"7/23/2022 1 p.m. EDT",18853,19240,16655,-2198
ISNE,"7/23/2022 2 p.m. EDT",19424,19620,17254,-2170
ISNE,"7/23/2022 3 p.m. EDT",19939,20480,17814,-2125
ISNE,"7/23/2022 4 p.m. EDT",20680,21150,18710,-1970
ISNE,"7/23/2022 5 p.m. EDT",21591,21960,19232,-2359
ISNE,"7/23/2022 6 p.m. EDT",22435,22660,19837,-2598
ISNE,"7/23/2022 7 p.m. EDT",22842,22750,20348,-2494
ISNE,"7/23/2022 8 p.m. EDT",22249,21980,19526,-2723
ISNE,"7/23/2022 9 p.m. EDT",21363,21360,18642,-2721
ISNE,"7/23/2022 10 p.m. EDT",20419,20390,17784,-2635
ISNE,"7/23/2022 11 p.m. EDT",18964,19000,16595,-2369
ISNE,"7/24/2022 12 a.m. EDT",17688,17500,15537,-2151
ISNE,"7/24/2022 1 a.m. EDT",16670,15970,14000,-2670
ISNE,"7/24/2022 2 a.m. EDT",15996,15120,13266,-2730
ISNE,"7/24/2022 3 a.m. EDT",15348,14400,12358,-2990
ISNE,"7/24/2022 4 a.m. EDT",15190,13970,12264,-2926
ISNE,"7/24/2022 5 a.m. EDT",14898,13720,11918,-2980
ISNE,"7/24/2022 6 a.m. EDT",15020,13610,12041,-2979
ISNE,"7/24/2022 7 a.m. EDT",14944,13860,12000,-2944
ISNE,"7/24/2022 8 a.m. EDT",15406,14600,12822,-2584
ISNE,"7/24/2022 9 a.m. EDT",16202,15730,13785,-2417
ISNE,"7/24/2022 10 a.m. EDT",16784,16460,14788,-1996
ISNE,"7/24/2022 11 a.m. EDT",17622,17430,15808,-1814
ISNE,"7/24/2022 12 p.m. EDT",18570,18380,16753,-1817
ISNE,"7/24/2022 1 p.m. EDT",19336,19100,17272,-2064
ISNE,"7/24/2022 2 p.m. EDT",19967,19820,17698,-2269
ISNE,"7/24/2022 3 p.m. EDT",20575,20540,18288,-2287
ISNE,"7/24/2022 4 p.m. EDT",21426,21280,19316,-2110
ISNE,"7/24/2022 5 p.m. EDT",22337,22080,20246,-2091
ISNE,"7/24/2022 6 p.m. EDT",23254,22610,20895,-2359
ISNE,"7/24/2022 7 p.m. EDT",23624,23000,21214,-2410
ISNE,"7/24/2022 8 p.m. EDT",23257,22480,20554,-2703
ISNE,"7/24/2022 9 p.m. EDT",22709,22050,20063,-2646
ISNE,"7/24/2022 10 p.m. EDT",21772,21070,19109,-2663
ISNE,"7/24/2022 11 p.m. EDT",20105,19480,17444,-2661
ISNE,"7/25/2022 12 a.m. EDT",18678,17900,16351,-2327
ISNE,"7/25/2022 1 a.m. EDT",17955,16870,15309,-2646
ISNE,"7/25/2022 2 a.m. EDT",17706,16100,15112,-2594
ISNE,"7/25/2022 3 a.m. EDT",17423,15510,14776,-2647
ISNE,"7/25/2022 4 a.m. EDT",17182,15380,14282,-2900
ISNE,"7/25/2022 5 a.m. EDT",17230,15310,14251,-2979
ISNE,"7/25/2022 6 a.m. EDT",17762,15870,14935,-2827
ISNE,"7/25/2022 7 a.m. EDT",18321,16760,15651,-2670
ISNE,"7/25/2022 8 a.m. EDT",19015,17940,16576,-2439
ISNE,"7/25/2022 9 a.m. EDT",19825,18970,17307,-2518
ISNE,"7/25/2022 10 a.m. EDT",20385,19840,17718,-2667
ISNE,"7/25/2022 11 a.m. EDT",21060,20380,18357,-2703
ISNE,"7/25/2022 12 p.m. EDT",21361,20920,18820,-2541
ISNE,"7/25/2022 1 p.m. EDT",21565,21450,19196,-2369
ISNE,"7/25/2022 2 p.m. EDT",21595,21410,19114,-2481
ISNE,"7/25/2022 3 p.m. EDT",21185,21560,18409,-2776
ISNE,"7/25/2022 4 p.m. EDT",20936,21450,18138,-2798
ISNE,"7/25/2022 5 p.m. EDT",21411,21470,18935,-2476
ISNE,"7/25/2022 6 p.m. EDT",22063,21560,19706,-2357
ISNE,"7/25/2022 7 p.m. EDT",22095,21190,19309,-2786
ISNE,"7/25/2022 8 p.m. EDT",21585,20870,18599,-2986
ISNE,"7/25/2022 9 p.m. EDT",20775,20690,17613,-3162
ISNE,"7/25/2022 10 p.m. EDT",19735,19460,17039,-2696
ISNE,"7/25/2022 11 p.m. EDT",18243,17880,15758,-2485
ISNE,"7/26/2022 12 a.m. EDT",17008,16310,14309,-2699
ISNE,"7/26/2022 1 a.m. EDT",15681,15060,12599,-3082
ISNE,"7/26/2022 2 a.m. EDT",14949,14110,11933,-3016
ISNE,"7/26/2022 3 a.m. EDT",14301,13480,11272,-3029
ISNE,"7/26/2022 4 a.m. EDT",14087,13100,11057,-3030
ISNE,"7/26/2022 5 a.m. EDT",14001,12920,10986,-3015
ISNE,"7/26/2022 6 a.m. EDT",14102,13360,11192,-2910
ISNE,"7/26/2022 7 a.m. EDT",14323,14240,11714,-2609
ISNE,"7/26/2022 8 a.m. EDT",15025,14970,12360,-2665
ISNE,"7/26/2022 9 a.m. EDT",15192,15330,12727,-2465
ISNE,"7/26/2022 10 a.m. EDT",15331,15290,13175,-2156
ISNE,"7/26/2022 11 a.m. EDT",15767,15540,14017,-1750
ISNE,"7/26/2022 12 p.m. EDT",16303,15840,14876,-1427
ISNE,"7/26/2022 1 p.m. EDT",16870,16710,15547,-1323
ISNE,"7/26/2022 2 p.m. EDT",17074,17300,15748,-1326
ISNE,"7/26/2022 3 p.m. EDT",17222,17750,15675,-1547
ISNE,"7/26/2022 4 p.m. EDT",17391,18340,16065,-1326
ISNE,"7/26/2022 5 p.m. EDT",17739,18740,16339,-1400
ISNE,"7/26/2022 6 p.m. EDT",18186,19530,16389,-1797
ISNE,"7/26/2022 7 p.m. EDT",18524,19750,16563,-1961
ISNE,"7/26/2022 8 p.m. EDT",18269,18800,16075,-2194
ISNE,"7/26/2022 9 p.m. EDT",17663,18080,15602,-2061
ISNE,"7/26/2022 10 p.m. EDT",16777,17070,14785,-1992
ISNE,"7/26/2022 11 p.m. EDT",15345,15480,13178,-2167
ISNE,"7/27/2022 12 a.m. EDT",14201,14140,11931,-2270
ISNE,"7/27/2022 1 a.m. EDT",13231,13040,10386,-2845
ISNE,"7/27/2022 2 a.m. EDT",12751,12300,9707,-3044
ISNE,"7/27/2022 3 a.m. EDT",12255,11780,9290,-2965
ISNE,"7/27/2022 4 a.m. EDT",11996,11500,9026,-2970
ISNE,"7/27/2022 5 a.m. EDT",12035,11450,9026,-3009
ISNE,"7/27/2022 6 a.m. EDT",12135,11940,9132,-3003
ISNE,"7/27/2022 7 a.m. EDT",12775,12920,9998,-2777
ISNE,"7/27/2022 8 a.m. EDT",13573,13710,11244,-2329
ISNE,"7/27/2022 9 a.m. EDT",13802,14040,11673,-2129
ISNE,"7/27/2022 10 a.m. EDT",13825,13810,12006,-1819
ISNE,"7/27/2022 11 a.m. EDT",14129,14280,12463,-1666
ISNE,"7/27/2022 12 p.m. EDT",14634,14860,13099,-1535
ISNE,"7/27/2022 1 p.m. EDT",15239,15670,13709,-1530
ISNE,"7/27/2022 2 p.m. EDT",16043,16390,14515,-1528
ISNE,"7/27/2022 3 p.m. EDT",16960,17090,15320,-1640
ISNE,"7/27/2022 4 p.m. EDT",17685,17930,15985,-1700
ISNE,"7/27/2022 5 p.m. EDT",18336,18730,16490,-1846
ISNE,"7/27/2022 6 p.m. EDT",18960,19600,17326,-1634
ISNE,"7/27/2022 7 p.m. EDT",19013,19860,17350,-1663
ISNE,"7/27/2022 8 p.m. EDT",18637,19320,16745,-1892
ISNE,"7/27/2022 9 p.m. EDT",18205,18780,16330,-1875
ISNE,"7/27/2022 10 p.m. EDT",17399,17900,15498,-1901
ISNE,"7/27/2022 11 p.m. EDT",15990,16360,13869,-2121
ISNE,"7/28/2022 12 a.m. EDT",14615,14900,12469,-2146
ISNE,"7/28/2022 1 a.m. EDT",14003,13560,11479,-2524
ISNE,"7/28/2022 2 a.m. EDT",13629,12860,10822,-2807
ISNE,"7/28/2022 3 a.m. EDT",13365,12420,10658,-2707
ISNE,"7/28/2022 4 a.m. EDT",13201,12150,10477,-2724
ISNE,"7/28/2022 5 a.m. EDT",13186,12250,10602,-2584
ISNE,"7/28/2022 6 a.m. EDT",13277,12800,10654,-2623
ISNE,"7/28/2022 7 a.m. EDT",13770,13790,11250,-2520
ISNE,"7/28/2022 8 a.m. EDT",14797,14880,12488,-2309
ISNE,"7/28/2022 9 a.m. EDT",15547,15620,13223,-2324
ISNE,"7/28/2022 10 a.m. EDT",15986,16040,13947,-2039
ISNE,"7/28/2022 11 a.m. EDT",16584,16650,14893,-1691
ISNE,"7/28/2022 12 p.m. EDT",17541,17620,15978,-1563
ISNE,"7/28/2022 1 p.m. EDT",18591,18670,17022,-1569
ISNE,"7/28/2022 2 p.m. EDT",19534,19610,17447,-2087
ISNE,"7/28/2022 3 p.m. EDT",20119,20150,17924,-2195
ISNE,"7/28/2022 4 p.m. EDT",20563,20620,18380,-2183
ISNE,"7/28/2022 5 p.m. EDT",21329,21400,19429,-1900
ISNE,"7/28/2022 6 p.m. EDT",21997,22050,19524,-2473
ISNE,"7/28/2022 7 p.m. EDT",21955,21820,19410,-2545
ISNE,"7/28/2022 8 p.m. EDT",21430,21260,18698,-2732
ISNE,"7/28/2022 9 p.m. EDT",20879,20600,18025,-2854
ISNE,"7/28/2022 10 p.m. EDT",19862,19800,16681,-3181
ISNE,"7/28/2022 11 p.m. EDT",18365,18250,15304,-3061
ISNE,"7/29/2022 12 a.m. EDT",17180,16680,14350,-2830
ISNE,"7/29/2022 1 a.m. EDT",16286,15510,13190,-3096
ISNE,"7/29/2022 2 a.m. EDT",15748,14690,12482,-3266
ISNE,"7/29/2022 3 a.m. EDT",15652,14150,12427,-3225
ISNE,"7/29/2022 4 a.m. EDT",15322,13860,12100,-3222
ISNE,"7/29/2022 5 a.m. EDT",15233,13810,12080,-3153
ISNE,"7/29/2022 6 a.m. EDT",15004,14210,12156,-2848
ISNE,"7/29/2022 7 a.m. EDT",15396,15000,12398,-2998
ISNE,"7/29/2022 8 a.m. EDT",16077,15930,13202,-2875
ISNE,"7/29/2022 9 a.m. EDT",16661,16550,13597,-3064
ISNE,"7/29/2022 10 a.m. EDT",17131,17150,14306,-2825
ISNE,"7/29/2022 11 a.m. EDT",17590,17600,15156,-2434
ISNE,"7/29/2022 12 p.m. EDT",18306,18140,15954,-2352
ISNE,"7/29/2022 1 p.m. EDT",18629,18590,16255,-2374
ISNE,"7/29/2022 2 p.m. EDT",19179,19150,16605,-2574
ISNE,"7/29/2022 3 p.m. EDT",19644,19600,17300,-2344
ISNE,"7/29/2022 4 p.m. EDT",20248,20140,17854,-2394
ISNE,"7/29/2022 5 p.m. EDT",20895,20760,18208,-2687
ISNE,"7/29/2022 6 p.m. EDT",21318,21600,18256,-3062
ISNE,"7/29/2022 7 p.m. EDT",21297,21520,17946,-3351
ISNE,"7/29/2022 8 p.m. EDT",20768,20840,17481,-3287
ISNE,"7/29/2022 9 p.m. EDT",20199,20170,17043,-3156
ISNE,"7/29/2022 10 p.m. EDT",19374,19210,16367,-3007
ISNE,"7/29/2022 11 p.m. EDT",18025,17830,15177,-2848
ISNE,"7/30/2022 12 a.m. EDT",16607,16410,13766,-2841
ISNE,"7/30/2022 1 a.m. EDT",15452,14950,12230,-3222
ISNE,"7/30/2022 2 a.m. EDT",14844,14060,11416,-3428
ISNE,"7/30/2022 3 a.m. EDT",14546,13460,11236,-3310
ISNE,"7/30/2022 4 a.m. EDT",14553,13380,11271,-3282
ISNE,"7/30/2022 5 a.m. EDT",14468,13000,11037,-3431
ISNE,"7/30/2022 6 a.m. EDT",14412,13000,11060,-3352
ISNE,"7/30/2022 7 a.m. EDT",14495,13240,11307,-3188
ISNE,"7/30/2022 8 a.m. EDT",14796,13800,11618,-3178
ISNE,"7/30/2022 9 a.m. EDT",14766,14240,11884,-2882
ISNE,"7/30/2022 10 a.m. EDT",14586,14460,12170,-2416
ISNE,"7/30/2022 11 a.m. EDT",14605,14590,12741,-1864
ISNE,"7/30/2022 12 p.m. EDT",15114,14900,13190,-1924
ISNE,"7/30/2022 1 p.m. EDT",15821,15800,13890,-1931
ISNE,"7/30/2022 2 p.m. EDT",16130,16320,14375,-1755
ISNE,"7/30/2022 3 p.m. EDT",16414,17000,14690,-1724
ISNE,"7/30/2022 4 p.m. EDT",16902,17700,15317,-1585
ISNE,"7/30/2022 5 p.m. EDT",17642,18500,16086,-1556
ISNE,"7/30/2022 6 p.m. EDT",18328,19200,16840,-1488
ISNE,"7/30/2022 7 p.m. EDT",18667,18890,16995,-1672
ISNE,"7/30/2022 8 p.m. EDT",18267,18150,16518,-1749
ISNE,"7/30/2022 9 p.m. EDT",17631,17600,15884,-1747
ISNE,"7/30/2022 10 p.m. EDT",16822,16780,14984,-1838
ISNE,"7/30/2022 11 p.m. EDT",15583,15610,13302,-2281
ISNE,"7/31/2022 12 a.m. EDT",14372,14350,11876,-2496
ISNE,"7/31/2022 1 a.m. EDT",13548,13350,10890,-2658
ISNE,"7/31/2022 2 a.m. EDT",13087,12650,10287,-2800
ISNE,"7/31/2022 3 a.m. EDT",12537,12110,9853,-2684
ISNE,"7/31/2022 4 a.m. EDT",12381,11730,9648,-2733
ISNE,"7/31/2022 5 a.m. EDT",12399,11560,9663,-2736
ISNE,"7/31/2022 6 a.m. EDT",12333,11510,9424,-2909
ISNE,"7/31/2022 7 a.m. EDT",12416,11630,9451,-2965
ISNE,"7/31/2022 8 a.m. EDT",12556,11950,9679,-2877
ISNE,"7/31/2022 9 a.m. EDT",12880,12520,10027,-2853
ISNE,"7/31/2022 10 a.m. EDT",12479,12520,10074,-2405
ISNE,"7/31/2022 11 a.m. EDT",12898,13180,10924,-1974
ISNE,"7/31/2022 12 p.m. EDT",13656,14020,11889,-1767
ISNE,"7/31/2022 1 p.m. EDT",14504,14800,12825,-1679
ISNE,"7/31/2022 2 p.m. EDT",15123,15320,13522,-1601
ISNE,"7/31/2022 3 p.m. EDT",15816,15870,14346,-1470
ISNE,"7/31/2022 4 p.m. EDT",16876,16680,15469,-1407
ISNE,"7/31/2022 5 p.m. EDT",17987,17820,16239,-1748
ISNE,"7/31/2022 6 p.m. EDT",18707,19060,16925,-1782
ISNE,"7/31/2022 7 p.m. EDT",18918,19690,17024,-1894
ISNE,"7/31/2022 8 p.m. EDT",18649,19200,16773,-1876
ISNE,"7/31/2022 9 p.m. EDT",18351,18710,16477,-1874
ISNE,"7/31/2022 10 p.m. EDT",17599,17970,15484,-2115
ISNE,"7/31/2022 11 p.m. EDT",16294,16690,13841,-2453
ISNE,"8/1/2022 12 a.m. EDT",15128,15390,12448,-2680
