"BA Code","Timestamp (Hour Ending)","Demand (MWh)","Demand Forecast (MWh)","Net Generation (MWh)","Total Interchange (MWh)"
ISNE,"8/1/2022 12 a.m. EDT",15128,15390,12448,-2680
ISNE,"8/1/2022 1 a.m. EDT",14643,14110,11424,-3219
ISNE,"8/1/2022 2 a.m. EDT",13995,13450,10437,-3558
ISNE,"8/1/2022 3 a.m. EDT",13835,13040,10057,-3778
ISNE,"8/1/2022 4 a.m. EDT",13889,12860,10165,-3724
ISNE,"8/1/2022 5 a.m. EDT",13970,13000,10279,-3691
ISNE,"8/1/2022 6 a.m. EDT",14001,13590,10451,-3550
ISNE,"8/1/2022 7 a.m. EDT",14378,14440,11177,-3201
ISNE,"8/1/2022 8 a.m. EDT",15252,15320,12309,-2943
ISNE,"8/1/2022 9 a.m. EDT",15807,15870,13090,-2717
ISNE,"8/1/2022 10 a.m. EDT",15835,15870,13420,-2415
ISNE,"8/1/2022 11 a.m. EDT",15849,15900,13610,-2239
ISNE,"8/1/2022 12 p.m. EDT",16300,16360,14271,-2029
ISNE,"8/1/2022 1 p.m. EDT",17038,17100,14992,-2046
ISNE,"8/1/2022 2 p.m. EDT",17927,17990,15776,-2151
ISNE,"8/1/2022 3 p.m. EDT",18303,18340,15940,-2363
ISNE,"8/1/2022 4 p.m. EDT",18503,18550,16158,-2345
ISNE,"8/1/2022 5 p.m. EDT",18805,18870,16190,-2615
ISNE,"8/1/2022 6 p.m. EDT",19003,19060,16353,-2650
ISNE,"8/1/2022 7 p.m. EDT",19050,19020,16822,-2228
ISNE,"8/1/2022 8 p.m. EDT",18799,18600,16658,-2141
ISNE,"8/1/2022 9 p.m. EDT",18378,18360,16051,-2327
ISNE,"8/1/2022 10 p.m. EDT",17495,17410,14967,-2528
ISNE,"8/1/2022 11 p.m. EDT",16135,16160,13162,-2973
ISNE,"8/2/2022 12 a.m. EDT",15044,14940,12093,-2951
ISNE,"8/2/2022 1 a.m. EDT",14226,13800,10965,-3261
ISNE,"8/2/2022 2 a.m. EDT",13727,13150,10238,-3489
ISNE,"8/2/2022 3 a.m. EDT",13754,12770,10242,-3512
ISNE,"8/2/2022 4 a.m. EDT",13609,12580,10185,-3424
ISNE,"8/2/2022 5 a.m. EDT",13388,12690,9977,-3411
ISNE,"8/2/2022 6 a.m. EDT",13423,13280,10219,-3204
ISNE,"8/2/2022 7 a.m. EDT",14172,14250,11087,-3085
ISNE,"8/2/2022 8 a.m. EDT",15188,15250,12245,-2943
ISNE,"8/2/2022 9 a.m. EDT",15708,15770,13141,-2567
ISNE,"8/2/2022 10 a.m. EDT",16010,16100,13990,-2020
ISNE,"8/2/2022 11 a.m. EDT",16591,16870,14516,-2075
ISNE,"8/2/2022 12 p.m. EDT",17675,17810,15709,-1966
ISNE,"8/2/2022 1 p.m. EDT",18783,18620,17118,-1665
ISNE,"8/2/2022 2 p.m. EDT",19777,19340,18317,-1460
ISNE,"8/2/2022 3 p.m. EDT",20476,20220,18745,-1731
ISNE,"8/2/2022 4 p.m. EDT",21217,21280,19321,-1896
ISNE,"8/2/2022 5 p.m. EDT",21950,22240,19803,-2147
ISNE,"8/2/2022 6 p.m. EDT",22704,22870,20382,-2322
ISNE,"8/2/2022 7 p.m. EDT",22603,22700,20169,-2434
ISNE,"8/2/2022 8 p.m. EDT",21942,22090,19566,-2376
ISNE,"8/2/2022 9 p.m. EDT",21276,21380,18886,-2390
ISNE,"8/2/2022 10 p.m. EDT",20151,20160,18022,-2129
ISNE,"8/2/2022 11 p.m. EDT",18471,18150,16436,-2035
ISNE,"8/3/2022 12 a.m. EDT",17018,16600,15426,-1592
ISNE,"8/3/2022 1 a.m. EDT",15846,15520,13844,-2002
ISNE,"8/3/2022 2 a.m. EDT",15262,14560,13000,-2262
ISNE,"8/3/2022 3 a.m. EDT",14946,13890,12597,-2349
ISNE,"8/3/2022 4 a.m. EDT",14803,13490,12322,-2481
ISNE,"8/3/2022 5 a.m. EDT",14726,13430,12153,-2573
ISNE,"8/3/2022 6 a.m. EDT",14864,13850,12316,-2548
ISNE,"8/3/2022 7 a.m. EDT",15255,14660,12516,-2739
ISNE,"8/3/2022 8 a.m. EDT",15932,15540,13205,-2727
ISNE,"8/3/2022 9 a.m. EDT",15894,15870,13571,-2323
ISNE,"8/3/2022 10 a.m. EDT",16032,16000,14039,-1993
ISNE,"8/3/2022 11 a.m. EDT",16477,16410,14866,-1611
ISNE,"8/3/2022 12 p.m. EDT",17036,17130,15638,-1398
ISNE,"8/3/2022 1 p.m. EDT",17858,17990,16774,-1084
ISNE,"8/3/2022 2 p.m. EDT",18582,18860,17454,-1128
ISNE,"8/3/2022 3 p.m. EDT",19187,19500,18078,-1109
ISNE,"8/3/2022 4 p.m. EDT",19889,20240,18562,-1327
ISNE,"8/3/2022 5 p.m. EDT",20830,20970,19334,-1496
ISNE,"8/3/2022 6 p.m. EDT",21667,21630,19887,-1780
ISNE,"8/3/2022 7 p.m. EDT",21903,21700,19904,-1999
ISNE,"8/3/2022 8 p.m. EDT",21277,20950,19193,-2084
ISNE,"8/3/2022 9 p.m. EDT",20506,20380,18287,-2219
ISNE,"8/3/2022 10 p.m. EDT",19378,19230,17278,-2100
ISNE,"8/3/2022 11 p.m. EDT",17784,17620,16136,-1648
ISNE,"8/4/2022 12 a.m. EDT",16578,16070,14734,-1844
ISNE,"8/4/2022 1 a.m. EDT",16125,15030,13946,-2179
ISNE,"8/4/2022 2 a.m. EDT",15530,14210,13236,-2294
ISNE,"8/4/2022 3 a.m. EDT",14949,13650,12695,-2254
ISNE,"8/4/2022 4 a.m. EDT",14620,13340,12331,-2289
ISNE,"8/4/2022 5 a.m. EDT",14622,13350,12367,-2255
ISNE,"8/4/2022 6 a.m. EDT",15113,13880,12804,-2309
ISNE,"8/4/2022 7 a.m. EDT",15476,14990,13230,-2246
ISNE,"8/4/2022 8 a.m. EDT",16066,16180,13880,-2186
ISNE,"8/4/2022 9 a.m. EDT",16764,16880,14799,-1965
ISNE,"8/4/2022 10 a.m. EDT",17482,17690,15633,-1849
ISNE,"8/4/2022 11 a.m. EDT",18456,18340,16848,-1608
ISNE,"8/4/2022 12 p.m. EDT",19465,19430,17996,-1469
ISNE,"8/4/2022 1 p.m. EDT",20471,20430,19128,-1343
ISNE,"8/4/2022 2 p.m. EDT",21512,21660,20065,-1447
ISNE,"8/4/2022 3 p.m. EDT",22392,22370,20921,-1471
ISNE,"8/4/2022 4 p.m. EDT",23117,23290,21406,-1711
ISNE,"8/4/2022 5 p.m. EDT",23484,24040,21686,-1798
ISNE,"8/4/2022 6 p.m. EDT",24108,24900,21734,-2374
ISNE,"8/4/2022 7 p.m. EDT",24168,24730,21891,-2277
ISNE,"8/4/2022 8 p.m. EDT",23686,23850,21376,-2310
ISNE,"8/4/2022 9 p.m. EDT",22990,23110,20546,-2444
ISNE,"8/4/2022 10 p.m. EDT",21760,21830,19209,-2551
ISNE,"8/4/2022 11 p.m. EDT",20225,20060,17481,-2744
ISNE,"8/5/2022 12 a.m. EDT",18930,18290,16242,-2688
ISNE,"8/5/2022 1 a.m. EDT",17644,17080,15070,-2574
ISNE,"8/5/2022 2 a.m. EDT",17024,16180,14369,-2655
ISNE,"8/5/2022 3 a.m. EDT",16852,15540,13947,-2905
ISNE,"8/5/2022 4 a.m. EDT",16451,15120,13605,-2846
ISNE,"8/5/2022 5 a.m. EDT",16392,15080,13617,-2775
ISNE,"8/5/2022 6 a.m. EDT",16824,15360,14141,-2683
ISNE,"8/5/2022 7 a.m. EDT",17037,16180,14416,-2621
ISNE,"8/5/2022 8 a.m. EDT",17664,17350,15122,-2542
ISNE,"8/5/2022 9 a.m. EDT",18187,18190,15795,-2392
ISNE,"8/5/2022 10 a.m. EDT",18795,18840,16543,-2252
ISNE,"8/5/2022 11 a.m. EDT",19511,19730,17513,-1998
ISNE,"8/5/2022 12 p.m. EDT",20231,20670,18191,-2040
ISNE,"8/5/2022 1 p.m. EDT",20961,21540,18782,-2179
ISNE,"8/5/2022 2 p.m. EDT",21707,22180,19393,-2314
ISNE,"8/5/2022 3 p.m. EDT",22166,22740,19976,-2190
ISNE,"8/5/2022 4 p.m. EDT",22607,23140,20405,-2202
ISNE,"8/5/2022 5 p.m. EDT",22664,23650,20807,-1857
ISNE,"8/5/2022 6 p.m. EDT",22554,23900,20532,-2022
ISNE,"8/5/2022 7 p.m. EDT",22345,23410,20471,-1874
ISNE,"8/5/2022 8 p.m. EDT",21820,22630,19651,-2169
ISNE,"8/5/2022 9 p.m. EDT",21246,22040,19130,-2116
ISNE,"8/5/2022 10 p.m. EDT",20275,20980,18281,-1994
ISNE,"8/5/2022 11 p.m. EDT",18969,19510,17197,-1772
ISNE,"8/6/2022 12 a.m. EDT",17667,17900,15787,-1880
ISNE,"8/6/2022 1 a.m. EDT",16491,16290,14178,-2313
ISNE,"8/6/2022 2 a.m. EDT",15709,15400,13504,-2205
ISNE,"8/6/2022 3 a.m. EDT",15918,14860,13386,-2532
ISNE,"8/6/2022 4 a.m. EDT",15755,14410,13166,-2589
ISNE,"8/6/2022 5 a.m. EDT",15574,14230,12921,-2653
ISNE,"8/6/2022 6 a.m. EDT",15613,14290,12921,-2692
ISNE,"8/6/2022 7 a.m. EDT",15686,14600,12956,-2730
ISNE,"8/6/2022 8 a.m. EDT",16208,15420,13479,-2729
ISNE,"8/6/2022 9 a.m. EDT",16997,16280,14597,-2400
ISNE,"8/6/2022 10 a.m. EDT",17452,17140,15449,-2003
ISNE,"8/6/2022 11 a.m. EDT",18027,18230,15997,-2030
ISNE,"8/6/2022 12 p.m. EDT",19048,19180,16920,-2128
ISNE,"8/6/2022 1 p.m. EDT",19910,20180,17691,-2219
ISNE,"8/6/2022 2 p.m. EDT",20519,20830,18263,-2256
ISNE,"8/6/2022 3 p.m. EDT",20991,21540,18882,-2109
ISNE,"8/6/2022 4 p.m. EDT",21420,22100,18931,-2489
ISNE,"8/6/2022 5 p.m. EDT",22042,22600,19786,-2256
ISNE,"8/6/2022 6 p.m. EDT",22697,23200,20492,-2205
ISNE,"8/6/2022 7 p.m. EDT",22946,23110,20364,-2582
ISNE,"8/6/2022 8 p.m. EDT",22340,22500,19618,-2722
ISNE,"8/6/2022 9 p.m. EDT",21696,22040,18876,-2820
ISNE,"8/6/2022 10 p.m. EDT",20789,21000,18051,-2738
ISNE,"8/6/2022 11 p.m. EDT",19453,19560,16624,-2829
ISNE,"8/7/2022 12 a.m. EDT",18101,18120,15451,-2650
ISNE,"8/7/2022 1 a.m. EDT",17266,17000,14254,-3012
ISNE,"8/7/2022 2 a.m. EDT",16782,16080,13442,-3340
ISNE,"8/7/2022 3 a.m. EDT",16460,15440,13542,-2918
ISNE,"8/7/2022 4 a.m. EDT",16168,15070,13201,-2967
ISNE,"8/7/2022 5 a.m. EDT",16157,14880,12918,-3239
ISNE,"8/7/2022 6 a.m. EDT",16307,14810,13070,-3237
ISNE,"8/7/2022 7 a.m. EDT",16322,14870,13125,-3197
ISNE,"8/7/2022 8 a.m. EDT",16683,15710,13661,-3022
ISNE,"8/7/2022 9 a.m. EDT",17137,16530,14529,-2608
ISNE,"8/7/2022 10 a.m. EDT",17781,17510,15457,-2324
ISNE,"8/7/2022 11 a.m. EDT",18584,18660,16253,-2331
ISNE,"8/7/2022 12 p.m. EDT",19478,19550,17129,-2349
ISNE,"8/7/2022 1 p.m. EDT",20296,20500,18013,-2283
ISNE,"8/7/2022 2 p.m. EDT",20925,21300,18647,-2278
ISNE,"8/7/2022 3 p.m. EDT",21344,21810,18848,-2496
ISNE,"8/7/2022 4 p.m. EDT",21889,22470,19600,-2289
ISNE,"8/7/2022 5 p.m. EDT",22629,23240,20665,-1964
ISNE,"8/7/2022 6 p.m. EDT",23200,23860,20944,-2256
ISNE,"8/7/2022 7 p.m. EDT",23384,24000,21079,-2305
ISNE,"8/7/2022 8 p.m. EDT",22625,23300,20493,-2132
ISNE,"8/7/2022 9 p.m. EDT",21967,22660,19963,-2004
ISNE,"8/7/2022 10 p.m. EDT",20906,21140,19021,-1885
ISNE,"8/7/2022 11 p.m. EDT",19453,19630,17523,-1930
ISNE,"8/8/2022 12 a.m. EDT",18052,18140,15870,-2182
ISNE,"8/8/2022 1 a.m. EDT",17594,16990,14940,-2654
ISNE,"8/8/2022 2 a.m. EDT",17298,16230,14519,-2779
ISNE,"8/8/2022 3 a.m. EDT",17032,15710,14233,-2799
ISNE,"8/8/2022 4 a.m. EDT",16759,15450,13935,-2824
ISNE,"8/8/2022 5 a.m. EDT",16812,15520,14119,-2693
ISNE,"8/8/2022 6 a.m. EDT",17391,16110,14747,-2644
ISNE,"8/8/2022 7 a.m. EDT",17968,17080,15590,-2378
ISNE,"8/8/2022 8 a.m. EDT",18466,18220,16177,-2289
ISNE,"8/8/2022 9 a.m. EDT",19066,19070,17099,-1967
ISNE,"8/8/2022 10 a.m. EDT",19728,19940,17815,-1913
ISNE,"8/8/2022 11 a.m. EDT",20588,20700,18900,-1688
ISNE,"8/8/2022 12 p.m. EDT",21602,21640,19921,-1681
ISNE,"8/8/2022 1 p.m. EDT",22534,22400,20889,-1645
ISNE,"8/8/2022 2 p.m. EDT",23048,23230,21539,-1509
ISNE,"8/8/2022 3 p.m. EDT",23343,23600,21503,-1840
ISNE,"8/8/2022 4 p.m. EDT",23588,23980,21503,-2085
ISNE,"8/8/2022 5 p.m. EDT",23818,24300,22323,-1495
ISNE,"8/8/2022 6 p.m. EDT",24137,24650,22703,-1434
ISNE,"8/8/2022 7 p.m. EDT",24116,24400,22933,-1183
ISNE,"8/8/2022 8 p.m. EDT",23768,23760,22255,-1513
ISNE,"8/8/2022 9 p.m. EDT",23091,23330,21326,-1765
ISNE,"8/8/2022 10 p.m. EDT",21834,21950,19978,-1856
ISNE,"8/8/2022 11 p.m. EDT",20155,20250,18280,-1875
ISNE,"8/9/2022 12 a.m. EDT",18968,18640,16945,-2023
ISNE,"8/9/2022 1 a.m. EDT",18251,17390,15922,-2329
ISNE,"8/9/2022 2 a.m. EDT",17745,16630,15554,-2191
ISNE,"8/9/2022 3 a.m. EDT",17516,16180,15366,-2150
ISNE,"8/9/2022 4 a.m. EDT",17290,15990,15041,-2249
ISNE,"8/9/2022 5 a.m. EDT",17373,16090,15103,-2270
ISNE,"8/9/2022 6 a.m. EDT",17983,16720,15750,-2233
ISNE,"8/9/2022 7 a.m. EDT",18505,17690,16236,-2269
ISNE,"8/9/2022 8 a.m. EDT",19624,18860,17295,-2329
ISNE,"8/9/2022 9 a.m. EDT",20292,19680,17866,-2426
ISNE,"8/9/2022 10 a.m. EDT",20112,20140,17829,-2283
ISNE,"8/9/2022 11 a.m. EDT",20972,21020,18616,-2356
ISNE,"8/9/2022 12 p.m. EDT",22083,22030,19820,-2263
ISNE,"8/9/2022 1 p.m. EDT",23006,22870,20592,-2414
ISNE,"8/9/2022 2 p.m. EDT",23710,23470,21319,-2391
ISNE,"8/9/2022 3 p.m. EDT",23449,23770,21157,-2292
ISNE,"8/9/2022 4 p.m. EDT",23092,24070,21249,-1843
ISNE,"8/9/2022 5 p.m. EDT",23213,24350,21348,-1865
ISNE,"8/9/2022 6 p.m. EDT",23547,24410,21667,-1880
ISNE,"8/9/2022 7 p.m. EDT",23273,24050,21433,-1840
ISNE,"8/9/2022 8 p.m. EDT",22768,23320,20456,-2312
ISNE,"8/9/2022 9 p.m. EDT",21892,22510,19473,-2419
ISNE,"8/9/2022 10 p.m. EDT",20566,21090,17898,-2668
ISNE,"8/9/2022 11 p.m. EDT",18811,19140,16664,-2147
ISNE,"8/10/2022 12 a.m. EDT",16968,17400,14725,-2243
ISNE,"8/10/2022 1 a.m. EDT",15967,15640,13272,-2695
ISNE,"8/10/2022 2 a.m. EDT",15323,14730,12572,-2751
ISNE,"8/10/2022 3 a.m. EDT",15211,14150,12373,-2838
ISNE,"8/10/2022 4 a.m. EDT",15119,13800,12321,-2798
ISNE,"8/10/2022 5 a.m. EDT",14851,13780,12148,-2703
ISNE,"8/10/2022 6 a.m. EDT",14854,14260,12191,-2663
ISNE,"8/10/2022 7 a.m. EDT",15331,15070,12761,-2570
ISNE,"8/10/2022 8 a.m. EDT",15789,15750,13169,-2620
ISNE,"8/10/2022 9 a.m. EDT",16037,16080,13511,-2526
ISNE,"8/10/2022 10 a.m. EDT",16117,16160,13977,-2140
ISNE,"8/10/2022 11 a.m. EDT",16330,16370,14829,-1501
ISNE,"8/10/2022 12 p.m. EDT",16519,16520,14918,-1601
ISNE,"8/10/2022 1 p.m. EDT",16898,16870,15301,-1597
ISNE,"8/10/2022 2 p.m. EDT",17318,17350,15579,-1739
ISNE,"8/10/2022 3 p.m. EDT",17333,17570,15857,-1476
ISNE,"8/10/2022 4 p.m. EDT",17646,18040,16186,-1460
ISNE,"8/10/2022 5 p.m. EDT",18169,18690,16772,-1397
ISNE,"8/10/2022 6 p.m. EDT",18794,19320,17143,-1651
ISNE,"8/10/2022 7 p.m. EDT",18917,19300,16967,-1950
ISNE,"8/10/2022 8 p.m. EDT",18516,18780,16539,-1977
ISNE,"8/10/2022 9 p.m. EDT",18108,18250,16068,-2040
ISNE,"8/10/2022 10 p.m. EDT",17225,17260,14994,-2231
ISNE,"8/10/2022 11 p.m. EDT",16189,15920,13693,-2496
ISNE,"8/11/2022 12 a.m. EDT",14739,14600,12504,-2235
ISNE,"8/11/2022 1 a.m. EDT",14105,13800,11184,-2921
ISNE,"8/11/2022 2 a.m. EDT",13722,13170,10759,-2963
ISNE,"8/11/2022 3 a.m. EDT",13787,12770,10716,-3071
ISNE,"8/11/2022 4 a.m. EDT",13832,12560,10805,-3027
ISNE,"8/11/2022 5 a.m. EDT",13923,12660,10923,-3000
ISNE,"8/11/2022 6 a.m. EDT",14038,13250,11069,-2969
ISNE,"8/11/2022 7 a.m. EDT",14447,14150,11383,-3064
ISNE,"8/11/2022 8 a.m. EDT",14923,14980,11947,-2976
ISNE,"8/11/2022 9 a.m. EDT",15522,15570,12815,-2707
ISNE,"8/11/2022 10 a.m. EDT",15744,15700,13043,-2701
ISNE,"8/11/2022 11 a.m. EDT",16176,16070,13599,-2577
ISNE,"8/11/2022 12 p.m. EDT",16383,16410,14213,-2170
ISNE,"8/11/2022 1 p.m. EDT",16485,16870,14738,-1747
ISNE,"8/11/2022 2 p.m. EDT",16800,17500,15046,-1754
ISNE,"8/11/2022 3 p.m. EDT",17336,17860,15685,-1651
ISNE,"8/11/2022 4 p.m. EDT",17864,18250,16231,-1633
ISNE,"8/11/2022 5 p.m. EDT",18267,18670,16690,-1577
ISNE,"8/11/2022 6 p.m. EDT",18758,19020,17332,-1426
ISNE,"8/11/2022 7 p.m. EDT",18980,19250,17293,-1687
ISNE,"8/11/2022 8 p.m. EDT",18695,18890,17001,-1694
ISNE,"8/11/2022 9 p.m. EDT",18378,18400,16596,-1782
ISNE,"8/11/2022 10 p.m. EDT",17509,17430,15680,-1829
ISNE,"8/11/2022 11 p.m. EDT",16210,16040,14372,-1838
ISNE,"8/12/2022 12 a.m. EDT",14877,14670,12932,-1945
ISNE,"8/12/2022 1 a.m. EDT",14203,13880,11945,-2258
ISNE,"8/12/2022 2 a.m. EDT",13669,13120,11266,-2403
ISNE,"8/12/2022 3 a.m. EDT",13402,12600,10721,-2681
ISNE,"8/12/2022 4 a.m. EDT",13088,12280,10472,-2616
ISNE,"8/12/2022 5 a.m. EDT",13077,12280,10483,-2594
ISNE,"8/12/2022 6 a.m. EDT",13251,12700,10808,-2443
ISNE,"8/12/2022 7 a.m. EDT",13341,13390,11226,-2115
ISNE,"8/12/2022 8 a.m. EDT",13867,13910,11778,-2089
ISNE,"8/12/2022 9 a.m. EDT",14109,14020,12069,-2040
ISNE,"8/12/2022 10 a.m. EDT",14107,13900,12350,-1757
ISNE,"8/12/2022 11 a.m. EDT",13995,13930,12309,-1686
ISNE,"8/12/2022 12 p.m. EDT",14030,14100,12500,-1530
ISNE,"8/12/2022 1 p.m. EDT",14372,14240,12860,-1512
ISNE,"8/12/2022 2 p.m. EDT",14835,14410,13377,-1458
ISNE,"8/12/2022 3 p.m. EDT",15327,14730,13842,-1485
ISNE,"8/12/2022 4 p.m. EDT",15929,15240,14402,-1527
ISNE,"8/12/2022 5 p.m. EDT",16590,16050,15013,-1577
ISNE,"8/12/2022 6 p.m. EDT",17212,17000,15664,-1548
ISNE,"8/12/2022 7 p.m. EDT",17237,16910,15481,-1756
ISNE,"8/12/2022 8 p.m. EDT",16692,16550,14946,-1746
ISNE,"8/12/2022 9 p.m. EDT",16191,16050,14500,-1691
ISNE,"8/12/2022 10 p.m. EDT",15329,15260,13279,-2050
ISNE,"8/12/2022 11 p.m. EDT",14164,14160,11789,-2375
ISNE,"8/13/2022 12 a.m. EDT",12990,13090,10513,-2477
ISNE,"8/13/2022 1 a.m. EDT",12062,12090,9518,-2544
ISNE,"8/13/2022 2 a.m. EDT",11674,11420,9267,-2407
ISNE,"8/13/2022 3 a.m. EDT",11268,10970,8693,-2575
ISNE,"8/13/2022 4 a.m. EDT",10996,10700,8542,-2454
ISNE,"8/13/2022 5 a.m. EDT",10897,10610,8564,-2333
ISNE,"8/13/2022 6 a.m. EDT",11033,10750,8648,-2385
ISNE,"8/13/2022 7 a.m. EDT",11253,10970,8794,-2459
ISNE,"8/13/2022 8 a.m. EDT",11307,11230,9029,-2278
ISNE,"8/13/2022 9 a.m. EDT",11235,11260,9202,-2033
ISNE,"8/13/2022 10 a.m. EDT",10977,10950,9198,-1779
ISNE,"8/13/2022 11 a.m. EDT",11261,11040,9685,-1576
ISNE,"8/13/2022 12 p.m. EDT",11733,11310,10458,-1275
ISNE,"8/13/2022 1 p.m. EDT",12007,11560,10858,-1149
ISNE,"8/13/2022 2 p.m. EDT",12318,11730,11039,-1279
ISNE,"8/13/2022 3 p.m. EDT",12935,12290,11290,-1645
ISNE,"8/13/2022 4 p.m. EDT",13209,12840,11504,-1705
ISNE,"8/13/2022 5 p.m. EDT",13622,13650,11762,-1860
ISNE,"8/13/2022 6 p.m. EDT",14283,14510,12389,-1894
ISNE,"8/13/2022 7 p.m. EDT",14610,14860,12649,-1961
ISNE,"8/13/2022 8 p.m. EDT",14519,14660,12597,-1922
ISNE,"8/13/2022 9 p.m. EDT",14367,14490,12447,-1920
ISNE,"8/13/2022 10 p.m. EDT",13818,13930,11936,-1882
ISNE,"8/13/2022 11 p.m. EDT",13147,13100,10842,-2305
ISNE,"8/14/2022 12 a.m. EDT",12220,12180,9865,-2355
ISNE,"8/14/2022 1 a.m. EDT",11453,11230,8844,-2609
ISNE,"8/14/2022 2 a.m. EDT",10673,10690,8012,-2661
ISNE,"8/14/2022 3 a.m. EDT",10563,10330,7849,-2714
ISNE,"8/14/2022 4 a.m. EDT",10600,10080,7669,-2931
ISNE,"8/14/2022 5 a.m. EDT",10520,9990,7554,-2966
ISNE,"8/14/2022 6 a.m. EDT",10577,10040,7536,-3041
ISNE,"8/14/2022 7 a.m. EDT",10442,10170,7629,-2813
ISNE,"8/14/2022 8 a.m. EDT",10574,10350,7918,-2656
ISNE,"8/14/2022 9 a.m. EDT",10379,10410,8221,-2158
ISNE,"8/14/2022 10 a.m. EDT",10412,10470,8781,-1631
ISNE,"8/14/2022 11 a.m. EDT",10552,10740,9340,-1212
ISNE,"8/14/2022 12 p.m. EDT",11123,11110,9764,-1359
ISNE,"8/14/2022 1 p.m. EDT",11761,11590,10384,-1377
ISNE,"8/14/2022 2 p.m. EDT",12260,12120,10667,-1593
ISNE,"8/14/2022 3 p.m. EDT",13010,12850,11379,-1631
ISNE,"8/14/2022 4 p.m. EDT",13724,13550,12000,-1724
ISNE,"8/14/2022 5 p.m. EDT",14520,14560,12810,-1710
ISNE,"8/14/2022 6 p.m. EDT",15462,15490,13470,-1992
ISNE,"8/14/2022 7 p.m. EDT",15925,15830,13877,-2048
ISNE,"8/14/2022 8 p.m. EDT",15864,15700,13734,-2130
ISNE,"8/14/2022 9 p.m. EDT",15666,15440,13497,-2169
ISNE,"8/14/2022 10 p.m. EDT",14871,14790,12521,-2350
ISNE,"8/14/2022 11 p.m. EDT",13699,13690,11067,-2632
ISNE,"8/15/2022 12 a.m. EDT",12627,12640,9835,-2792
ISNE,"8/15/2022 1 a.m. EDT",12041,11740,9175,-2866
ISNE,"8/15/2022 2 a.m. EDT",11460,11150,8605,-2855
ISNE,"8/15/2022 3 a.m. EDT",11323,10790,8591,-2732
ISNE,"8/15/2022 4 a.m. EDT",11155,10620,8549,-2606
ISNE,"8/15/2022 5 a.m. EDT",11275,10760,8662,-2613
ISNE,"8/15/2022 6 a.m. EDT",11817,11300,9000,-2817
ISNE,"8/15/2022 7 a.m. EDT",12272,12080,9551,-2721
ISNE,"8/15/2022 8 a.m. EDT",12955,12770,10191,-2764
ISNE,"8/15/2022 9 a.m. EDT",12985,13030,10698,-2287
ISNE,"8/15/2022 10 a.m. EDT",13063,13050,11324,-1739
ISNE,"8/15/2022 11 a.m. EDT",13239,13460,11318,-1921
ISNE,"8/15/2022 12 p.m. EDT",13907,13950,12063,-1844
ISNE,"8/15/2022 1 p.m. EDT",14475,14500,12644,-1831
ISNE,"8/15/2022 2 p.m. EDT",14977,14940,13201,-1776
ISNE,"8/15/2022 3 p.m. EDT",15488,15400,13592,-1896
ISNE,"8/15/2022 4 p.m. EDT",15936,15970,14050,-1886
ISNE,"8/15/2022 5 p.m. EDT",16715,16510,14904,-1811
ISNE,"8/15/2022 6 p.m. EDT",17472,17210,15590,-1882
ISNE,"8/15/2022 7 p.m. EDT",17596,17300,15118,-2478
ISNE,"8/15/2022 8 p.m. EDT",17161,16830,14243,-2918
ISNE,"8/15/2022 9 p.m. EDT",16733,16350,14345,-2388
ISNE,"8/15/2022 10 p.m. EDT",15673,15430,13308,-2365
ISNE,"8/15/2022 11 p.m. EDT",14325,14170,11692,-2633
ISNE,"8/16/2022 12 a.m. EDT",13165,12930,10538,-2627
ISNE,"8/16/2022 1 a.m. EDT",12465,12130,9554,-2911
ISNE,"8/16/2022 2 a.m. EDT",12040,11500,8995,-3045
ISNE,"8/16/2022 3 a.m. EDT",11897,11100,8645,-3252
ISNE,"8/16/2022 4 a.m. EDT",11690,10900,8445,-3245
ISNE,"8/16/2022 5 a.m. EDT",11791,11020,8508,-3283
ISNE,"8/16/2022 6 a.m. EDT",11842,11540,8499,-3343
ISNE,"8/16/2022 7 a.m. EDT",12419,12320,9152,-3267
ISNE,"8/16/2022 8 a.m. EDT",13091,13000,10300,-2791
ISNE,"8/16/2022 9 a.m. EDT",13099,13140,10818,-2281
ISNE,"8/16/2022 10 a.m. EDT",13064,13060,11168,-1896
ISNE,"8/16/2022 11 a.m. EDT",13399,13290,11568,-1831
ISNE,"8/16/2022 12 p.m. EDT",13769,13780,11892,-1877
ISNE,"8/16/2022 1 p.m. EDT",14327,14410,12324,-2003
ISNE,"8/16/2022 2 p.m. EDT",14995,15030,13273,-1722
ISNE,"8/16/2022 3 p.m. EDT",15414,15470,13774,-1640
ISNE,"8/16/2022 4 p.m. EDT",15995,15910,14467,-1528
ISNE,"8/16/2022 5 p.m. EDT",16545,16470,15029,-1516
ISNE,"8/16/2022 6 p.m. EDT",16992,16800,15376,-1616
ISNE,"8/16/2022 7 p.m. EDT",16957,16850,15185,-1772
ISNE,"8/16/2022 8 p.m. EDT",16755,16550,14858,-1897
ISNE,"8/16/2022 9 p.m. EDT",16467,16130,14412,-2055
ISNE,"8/16/2022 10 p.m. EDT",15612,15230,13778,-1834
ISNE,"8/16/2022 11 p.m. EDT",14433,13990,12357,-2076
ISNE,"8/17/2022 12 a.m. EDT",13285,12840,10686,-2599
ISNE,"8/17/2022 1 a.m. EDT",12738,12300,9636,-3102
ISNE,"8/17/2022 2 a.m. EDT",12428,11730,9151,-3277
ISNE,"8/17/2022 3 a.m. EDT",12317,11260,8942,-3375
ISNE,"8/17/2022 4 a.m. EDT",12122,11270,8728,-3394
ISNE,"8/17/2022 5 a.m. EDT",12237,11390,8834,-3403
ISNE,"8/17/2022 6 a.m. EDT",12319,11870,9108,-3211
ISNE,"8/17/2022 7 a.m. EDT",13204,12610,10022,-3182
ISNE,"8/17/2022 8 a.m. EDT",13630,13520,10780,-2850
ISNE,"8/17/2022 9 a.m. EDT",14018,14060,11460,-2558
ISNE,"8/17/2022 10 a.m. EDT",14055,14080,11701,-2354
ISNE,"8/17/2022 11 a.m. EDT",14062,14120,12094,-1968
ISNE,"8/17/2022 12 p.m. EDT",14215,14250,12099,-2116
ISNE,"8/17/2022 1 p.m. EDT",14585,14520,12464,-2121
ISNE,"8/17/2022 2 p.m. EDT",15120,14680,13142,-1978
ISNE,"8/17/2022 3 p.m. EDT",15292,14850,13159,-2133
ISNE,"8/17/2022 4 p.m. EDT",15213,14970,13077,-2136
ISNE,"8/17/2022 5 p.m. EDT",15332,15280,13365,-1967
ISNE,"8/17/2022 6 p.m. EDT",15703,15750,13603,-2100
ISNE,"8/17/2022 7 p.m. EDT",15762,15740,13585,-2177
ISNE,"8/17/2022 8 p.m. EDT",15631,15500,13276,-2355
ISNE,"8/17/2022 9 p.m. EDT",15363,15320,13262,-2101
ISNE,"8/17/2022 10 p.m. EDT",14601,14500,12435,-2166
ISNE,"8/17/2022 11 p.m. EDT",13559,13300,10998,-2561
ISNE,"8/18/2022 12 a.m. EDT",12552,12270,9655,-2897
ISNE,"8/18/2022 1 a.m. EDT",12117,11790,8958,-3159
ISNE,"8/18/2022 2 a.m. EDT",11855,11260,8552,-3303
ISNE,"8/18/2022 3 a.m. EDT",11909,10910,8454,-3455
ISNE,"8/18/2022 4 a.m. EDT",11840,10800,8433,-3407
ISNE,"8/18/2022 5 a.m. EDT",11802,10940,8390,-3412
ISNE,"8/18/2022 6 a.m. EDT",12009,11510,8542,-3467
ISNE,"8/18/2022 7 a.m. EDT",12846,12360,9418,-3428
ISNE,"8/18/2022 8 a.m. EDT",13312,13070,10048,-3264
ISNE,"8/18/2022 9 a.m. EDT",13419,13360,10640,-2779
ISNE,"8/18/2022 10 a.m. EDT",13439,13270,10994,-2445
ISNE,"8/18/2022 11 a.m. EDT",13256,13280,11281,-1975
ISNE,"8/18/2022 12 p.m. EDT",13521,13600,11783,-1738
ISNE,"8/18/2022 1 p.m. EDT",14126,14190,12590,-1536
ISNE,"8/18/2022 2 p.m. EDT",14765,14830,13156,-1609
ISNE,"8/18/2022 3 p.m. EDT",15264,15280,13596,-1668
ISNE,"8/18/2022 4 p.m. EDT",15631,15780,13879,-1752
ISNE,"8/18/2022 5 p.m. EDT",16171,16460,14341,-1830
ISNE,"8/18/2022 6 p.m. EDT",16786,16970,14901,-1885
ISNE,"8/18/2022 7 p.m. EDT",16797,17100,14767,-2030
ISNE,"8/18/2022 8 p.m. EDT",16554,16820,14467,-2087
ISNE,"8/18/2022 9 p.m. EDT",16284,16420,14376,-1908
ISNE,"8/18/2022 10 p.m. EDT",15455,15410,13634,-1821
ISNE,"8/18/2022 11 p.m. EDT",14306,14130,12176,-2130
ISNE,"8/19/2022 12 a.m. EDT",13403,12900,11189,-2214
ISNE,"8/19/2022 1 a.m. EDT",12927,12120,10185,-2742
ISNE,"8/19/2022 2 a.m. EDT",12757,11520,9777,-2980
ISNE,"8/19/2022 3 a.m. EDT",12374,11120,9332,-3042
ISNE,"8/19/2022 4 a.m. EDT",12141,10910,9177,-2964
ISNE,"8/19/2022 5 a.m. EDT",12204,11050,9253,-2951
ISNE,"8/19/2022 6 a.m. EDT",12539,11600,9678,-2861
ISNE,"8/19/2022 7 a.m. EDT",12543,12490,9912,-2631
ISNE,"8/19/2022 8 a.m. EDT",13210,13210,10955,-2255
ISNE,"8/19/2022 9 a.m. EDT",13530,13580,11389,-2141
ISNE,"8/19/2022 10 a.m. EDT",13755,13760,11819,-1936
ISNE,"8/19/2022 11 a.m. EDT",14140,14380,12539,-1601
ISNE,"8/19/2022 12 p.m. EDT",14712,15150,13055,-1657
ISNE,"8/19/2022 1 p.m. EDT",15415,15880,13943,-1472
ISNE,"8/19/2022 2 p.m. EDT",16286,16750,14876,-1410
ISNE,"8/19/2022 3 p.m. EDT",17077,17560,15654,-1423
ISNE,"8/19/2022 4 p.m. EDT",17919,18440,16419,-1500
ISNE,"8/19/2022 5 p.m. EDT",18884,19430,17498,-1386
ISNE,"8/19/2022 6 p.m. EDT",19635,20000,18216,-1419
ISNE,"8/19/2022 7 p.m. EDT",19710,19870,18025,-1685
ISNE,"8/19/2022 8 p.m. EDT",19057,19140,17192,-1865
ISNE,"8/19/2022 9 p.m. EDT",18443,18520,16444,-1999
ISNE,"8/19/2022 10 p.m. EDT",17351,17450,15421,-1930
ISNE,"8/19/2022 11 p.m. EDT",16019,16030,13842,-2177
ISNE,"8/20/2022 12 a.m. EDT",14697,14720,12414,-2283
ISNE,"8/20/2022 1 a.m. EDT",13627,13630,11187,-2440
ISNE,"8/20/2022 2 a.m. EDT",13200,12860,10484,-2716
ISNE,"8/20/2022 3 a.m. EDT",12869,12310,9909,-2960
ISNE,"8/20/2022 4 a.m. EDT",12857,11970,9649,-3208
ISNE,"8/20/2022 5 a.m. EDT",12859,11810,9590,-3269
ISNE,"8/20/2022 6 a.m. EDT",13170,11910,9849,-3321
ISNE,"8/20/2022 7 a.m. EDT",13146,12130,9990,-3156
ISNE,"8/20/2022 8 a.m. EDT",13181,12610,10456,-2725
ISNE,"8/20/2022 9 a.m. EDT",13211,12940,10947,-2264
ISNE,"8/20/2022 10 a.m. EDT",13300,13320,11321,-1979
ISNE,"8/20/2022 11 a.m. EDT",13869,14190,12170,-1699
ISNE,"8/20/2022 12 p.m. EDT",14619,15170,13192,-1427
ISNE,"8/20/2022 1 p.m. EDT",15615,16150,14521,-1094
ISNE,"8/20/2022 2 p.m. EDT",16700,16950,15664,-1036
ISNE,"8/20/2022 3 p.m. EDT",17494,17650,16152,-1342
ISNE,"8/20/2022 4 p.m. EDT",18191,18370,16765,-1426
ISNE,"8/20/2022 5 p.m. EDT",18831,18950,17461,-1370
ISNE,"8/20/2022 6 p.m. EDT",19392,19520,18140,-1252
ISNE,"8/20/2022 7 p.m. EDT",19402,19570,17958,-1444
ISNE,"8/20/2022 8 p.m. EDT",18959,19060,17474,-1485
ISNE,"8/20/2022 9 p.m. EDT",18440,18450,16738,-1702
ISNE,"8/20/2022 10 p.m. EDT",17502,17450,15705,-1797
ISNE,"8/20/2022 11 p.m. EDT",16294,16220,14173,-2121
ISNE,"8/21/2022 12 a.m. EDT",15073,14980,12788,-2285
ISNE,"8/21/2022 1 a.m. EDT",14047,14050,11352,-2695
ISNE,"8/21/2022 2 a.m. EDT",13574,13300,10744,-2830
ISNE,"8/21/2022 3 a.m. EDT",13335,12780,10383,-2952
ISNE,"8/21/2022 4 a.m. EDT",13107,12390,10025,-3082
ISNE,"8/21/2022 5 a.m. EDT",13255,12200,10143,-3112
ISNE,"8/21/2022 6 a.m. EDT",13081,12210,10178,-2903
ISNE,"8/21/2022 7 a.m. EDT",13360,12320,10263,-3097
ISNE,"8/21/2022 8 a.m. EDT",13525,12690,10409,-3116
ISNE,"8/21/2022 9 a.m. EDT",13458,13170,10727,-2731
ISNE,"8/21/2022 10 a.m. EDT",13699,13510,11507,-2192
ISNE,"8/21/2022 11 a.m. EDT",13913,14340,11868,-2045
ISNE,"8/21/2022 12 p.m. EDT",14748,15150,12945,-1803
ISNE,"8/21/2022 1 p.m. EDT",15578,15890,14026,-1552
ISNE,"8/21/2022 2 p.m. EDT",16228,16700,14628,-1600
ISNE,"8/21/2022 3 p.m. EDT",16818,17250,15094,-1724
ISNE,"8/21/2022 4 p.m. EDT",17330,17790,15819,-1511
ISNE,"8/21/2022 5 p.m. EDT",17845,18290,16306,-1539
ISNE,"8/21/2022 6 p.m. EDT",18603,18770,16866,-1737
ISNE,"8/21/2022 7 p.m. EDT",18737,19070,16696,-2041
ISNE,"8/21/2022 8 p.m. EDT",18259,18590,16013,-2246
ISNE,"8/21/2022 9 p.m. EDT",17807,17980,15794,-2013
ISNE,"8/21/2022 10 p.m. EDT",16745,16880,14525,-2220
ISNE,"8/21/2022 11 p.m. EDT",15401,15620,13078,-2323
ISNE,"8/22/2022 12 a.m. EDT",14164,14460,11758,-2406
ISNE,"8/22/2022 1 a.m. EDT",13629,13430,10880,-2749
ISNE,"8/22/2022 2 a.m. EDT",13210,12620,10591,-2619
ISNE,"8/22/2022 3 a.m. EDT",13352,12160,10560,-2792
ISNE,"8/22/2022 4 a.m. EDT",13293,12040,10379,-2914
ISNE,"8/22/2022 5 a.m. EDT",13352,12140,10447,-2905
ISNE,"8/22/2022 6 a.m. EDT",13639,12800,10801,-2838
ISNE,"8/22/2022 7 a.m. EDT",14286,13790,11527,-2759
ISNE,"8/22/2022 8 a.m. EDT",14973,14750,12570,-2403
ISNE,"8/22/2022 9 a.m. EDT",15625,15490,13072,-2553
ISNE,"8/22/2022 10 a.m. EDT",16009,16040,13747,-2262
ISNE,"8/22/2022 11 a.m. EDT",16450,16490,14301,-2149
ISNE,"8/22/2022 12 p.m. EDT",16793,16730,14700,-2093
ISNE,"8/22/2022 1 p.m. EDT",17088,16930,15038,-2050
ISNE,"8/22/2022 2 p.m. EDT",17146,17150,15070,-2076
ISNE,"8/22/2022 3 p.m. EDT",17095,17340,15407,-1688
ISNE,"8/22/2022 4 p.m. EDT",17019,17360,15654,-1365
ISNE,"8/22/2022 5 p.m. EDT",17163,17590,15861,-1302
ISNE,"8/22/2022 6 p.m. EDT",17526,17870,16377,-1149
ISNE,"8/22/2022 7 p.m. EDT",17576,17720,16258,-1318
ISNE,"8/22/2022 8 p.m. EDT",17506,17460,15992,-1514
ISNE,"8/22/2022 9 p.m. EDT",17175,17110,15499,-1676
ISNE,"8/22/2022 10 p.m. EDT",16300,16230,14380,-1920
ISNE,"8/22/2022 11 p.m. EDT",15139,15010,12991,-2148
ISNE,"8/23/2022 12 a.m. EDT",14039,13920,11715,-2324
ISNE,"8/23/2022 1 a.m. EDT",13528,13180,10705,-2823
ISNE,"8/23/2022 2 a.m. EDT",13193,12520,10363,-2830
ISNE,"8/23/2022 3 a.m. EDT",13317,12230,10097,-3220
ISNE,"8/23/2022 4 a.m. EDT",13248,12100,9953,-3295
ISNE,"8/23/2022 5 a.m. EDT",13359,12310,10098,-3261
ISNE,"8/23/2022 6 a.m. EDT",13523,12960,10558,-2965
ISNE,"8/23/2022 7 a.m. EDT",14020,13880,11160,-2860
ISNE,"8/23/2022 8 a.m. EDT",14841,14750,12310,-2531
ISNE,"8/23/2022 9 a.m. EDT",15440,15430,13021,-2419
ISNE,"8/23/2022 10 a.m. EDT",15855,15850,13630,-2225
ISNE,"8/23/2022 11 a.m. EDT",16245,16210,14189,-2056
ISNE,"8/23/2022 12 p.m. EDT",16551,16610,14803,-1748
ISNE,"8/23/2022 1 p.m. EDT",16906,16960,15183,-1723
ISNE,"8/23/2022 2 p.m. EDT",17335,17540,15794,-1541
ISNE,"8/23/2022 3 p.m. EDT",17602,17920,16083,-1519
ISNE,"8/23/2022 4 p.m. EDT",17820,18270,16556,-1264
ISNE,"8/23/2022 5 p.m. EDT",18022,18650,16672,-1350
ISNE,"8/23/2022 6 p.m. EDT",18112,19290,16668,-1444
ISNE,"8/23/2022 7 p.m. EDT",17973,19080,16451,-1522
ISNE,"8/23/2022 8 p.m. EDT",17682,18730,16220,-1462
ISNE,"8/23/2022 9 p.m. EDT",17252,18220,15528,-1724
ISNE,"8/23/2022 10 p.m. EDT",16340,17110,14465,-1875
ISNE,"8/23/2022 11 p.m. EDT",15180,15740,13238,-1942
ISNE,"8/24/2022 12 a.m. EDT",14358,14500,12183,-2175
ISNE,"8/24/2022 1 a.m. EDT",13920,13490,11177,-2743
ISNE,"8/24/2022 2 a.m. EDT",13676,12880,10872,-2804
ISNE,"8/24/2022 3 a.m. EDT",13423,12470,10285,-3138
ISNE,"8/24/2022 4 a.m. EDT",13225,12670,9994,-3231
ISNE,"8/24/2022 5 a.m. EDT",13254,12340,10046,-3208
ISNE,"8/24/2022 6 a.m. EDT",13610,12790,10545,-3065
ISNE,"8/24/2022 7 a.m. EDT",13916,13670,11208,-2708
ISNE,"8/24/2022 8 a.m. EDT",14747,14570,11997,-2750
ISNE,"8/24/2022 9 a.m. EDT",15097,14840,12635,-2462
ISNE,"8/24/2022 10 a.m. EDT",15274,15190,13222,-2052
ISNE,"8/24/2022 11 a.m. EDT",15655,15640,13917,-1738
ISNE,"8/24/2022 12 p.m. EDT",16130,16100,14628,-1502
ISNE,"8/24/2022 1 p.m. EDT",16717,16780,15293,-1424
ISNE,"8/24/2022 2 p.m. EDT",17323,17770,15803,-1520
ISNE,"8/24/2022 3 p.m. EDT",17842,18290,16262,-1580
ISNE,"8/24/2022 4 p.m. EDT",18493,19100,17289,-1204
ISNE,"8/24/2022 5 p.m. EDT",19288,19640,17975,-1313
ISNE,"8/24/2022 6 p.m. EDT",20002,20270,18503,-1499
ISNE,"8/24/2022 7 p.m. EDT",,20190,,
ISNE,"8/24/2022 8 p.m. EDT",19617,19820,17872,-1745
ISNE,"8/24/2022 9 p.m. EDT",19054,19330,17051,-2003
ISNE,"8/24/2022 10 p.m. EDT",17887,18150,15960,-1927
ISNE,"8/24/2022 11 p.m. EDT",16419,16610,14186,-2233
ISNE,"8/25/2022 12 a.m. EDT",15044,15230,12563,-2481
ISNE,"8/25/2022 1 a.m. EDT",14270,13900,11445,-2825
ISNE,"8/25/2022 2 a.m. EDT",14295,13100,11178,-3117
ISNE,"8/25/2022 3 a.m. EDT",14079,12610,10826,-3253
ISNE,"8/25/2022 4 a.m. EDT",13778,12310,10229,-3549
ISNE,"8/25/2022 5 a.m. EDT",13813,12390,10239,-3574
ISNE,"8/25/2022 6 a.m. EDT",14268,12910,10977,-3291
ISNE,"8/25/2022 7 a.m. EDT",13939,13780,11189,-2750
ISNE,"8/25/2022 8 a.m. EDT",14713,14670,11995,-2718
ISNE,"8/25/2022 9 a.m. EDT",15179,15230,12763,-2416
ISNE,"8/25/2022 10 a.m. EDT",15441,15350,13364,-2077
ISNE,"8/25/2022 11 a.m. EDT",15911,15790,13985,-1926
ISNE,"8/25/2022 12 p.m. EDT",16624,16530,15158,-1466
ISNE,"8/25/2022 1 p.m. EDT",17446,17320,15819,-1627
ISNE,"8/25/2022 2 p.m. EDT",18353,18250,16575,-1778
ISNE,"8/25/2022 3 p.m. EDT",19024,18990,17268,-1756
ISNE,"8/25/2022 4 p.m. EDT",19693,20000,17846,-1847
ISNE,"8/25/2022 5 p.m. EDT",20350,20900,18412,-1938
ISNE,"8/25/2022 6 p.m. EDT",20920,21250,18620,-2300
ISNE,"8/25/2022 7 p.m. EDT",20915,21000,18414,-2501
ISNE,"8/25/2022 8 p.m. EDT",20309,20080,17630,-2679
ISNE,"8/25/2022 9 p.m. EDT",19615,19420,17039,-2576
ISNE,"8/25/2022 10 p.m. EDT",18339,18240,15995,-2344
ISNE,"8/25/2022 11 p.m. EDT",16780,16670,14434,-2346
ISNE,"8/26/2022 12 a.m. EDT",15305,15270,13156,-2149
ISNE,"8/26/2022 1 a.m. EDT",14479,14110,11954,-2525
ISNE,"8/26/2022 2 a.m. EDT",13925,13300,11426,-2499
ISNE,"8/26/2022 3 a.m. EDT",13611,12800,11041,-2570
ISNE,"8/26/2022 4 a.m. EDT",13834,12540,11137,-2697
ISNE,"8/26/2022 5 a.m. EDT",13916,12500,11326,-2590
ISNE,"8/26/2022 6 a.m. EDT",13929,13000,11390,-2539
ISNE,"8/26/2022 7 a.m. EDT",14210,13980,11863,-2347
ISNE,"8/26/2022 8 a.m. EDT",14915,14890,12396,-2519
ISNE,"8/26/2022 9 a.m. EDT",15253,15450,13002,-2251
ISNE,"8/26/2022 10 a.m. EDT",15672,15740,13792,-1880
ISNE,"8/26/2022 11 a.m. EDT",16228,16330,14640,-1588
ISNE,"8/26/2022 12 p.m. EDT",17122,17060,15554,-1568
ISNE,"8/26/2022 1 p.m. EDT",18184,17820,16539,-1645
ISNE,"8/26/2022 2 p.m. EDT",19082,18680,17731,-1351
ISNE,"8/26/2022 3 p.m. EDT",19743,19210,18312,-1431
ISNE,"8/26/2022 4 p.m. EDT",19822,19640,17964,-1858
ISNE,"8/26/2022 5 p.m. EDT",19411,19750,17619,-1792
ISNE,"8/26/2022 6 p.m. EDT",18999,20000,16973,-2026
ISNE,"8/26/2022 7 p.m. EDT",,19520,,
ISNE,"8/26/2022 8 p.m. EDT",18181,18990,16379,-1802
ISNE,"8/26/2022 9 p.m. EDT",17743,18540,16034,-1709
ISNE,"8/26/2022 10 p.m. EDT",16863,17530,15376,-1487
ISNE,"8/26/2022 11 p.m. EDT",15716,16350,13771,-1945
ISNE,"8/27/2022 12 a.m. EDT",14648,15110,12416,-2232
ISNE,"8/27/2022 1 a.m. EDT",13885,13640,11298,-2587
ISNE,"8/27/2022 2 a.m. EDT",13235,12980,10534,-2701
ISNE,"8/27/2022 3 a.m. EDT",13334,12530,10307,-3027
ISNE,"8/27/2022 4 a.m. EDT",13036,12220,9860,-3176
ISNE,"8/27/2022 5 a.m. EDT",12934,12120,9689,-3245
ISNE,"8/27/2022 6 a.m. EDT",13299,12290,10062,-3237
ISNE,"8/27/2022 7 a.m. EDT",13430,12570,10403,-3027
ISNE,"8/27/2022 8 a.m. EDT",13519,13050,10786,-2733
ISNE,"8/27/2022 9 a.m. EDT",13470,13380,11139,-2331
ISNE,"8/27/2022 10 a.m. EDT",13729,13720,11680,-2049
ISNE,"8/27/2022 11 a.m. EDT",14105,14070,12185,-1920
ISNE,"8/27/2022 12 p.m. EDT",14709,14450,12947,-1762
ISNE,"8/27/2022 1 p.m. EDT",15029,14920,13116,-1913
ISNE,"8/27/2022 2 p.m. EDT",15191,15420,13393,-1798
ISNE,"8/27/2022 3 p.m. EDT",15416,15830,13766,-1650
ISNE,"8/27/2022 4 p.m. EDT",15811,16330,14170,-1641
ISNE,"8/27/2022 5 p.m. EDT",16519,16940,14896,-1623
ISNE,"8/27/2022 6 p.m. EDT",17210,17500,15636,-1574
ISNE,"8/27/2022 7 p.m. EDT",17343,17420,15567,-1776
ISNE,"8/27/2022 8 p.m. EDT",16941,16940,15052,-1889
ISNE,"8/27/2022 9 p.m. EDT",16503,16570,14690,-1813
ISNE,"8/27/2022 10 p.m. EDT",15652,15700,13990,-1662
ISNE,"8/27/2022 11 p.m. EDT",14622,14620,12418,-2204
ISNE,"8/28/2022 12 a.m. EDT",13569,13570,11260,-2309
ISNE,"8/28/2022 1 a.m. EDT",12708,12560,10029,-2679
ISNE,"8/28/2022 2 a.m. EDT",12127,11930,9262,-2865
ISNE,"8/28/2022 3 a.m. EDT",12353,11460,9163,-3190
ISNE,"8/28/2022 4 a.m. EDT",12513,11450,9224,-3289
ISNE,"8/28/2022 5 a.m. EDT",12380,11330,9169,-3211
ISNE,"8/28/2022 6 a.m. EDT",12665,11370,9336,-3329
ISNE,"8/28/2022 7 a.m. EDT",12663,11380,9629,-3034
ISNE,"8/28/2022 8 a.m. EDT",12617,11650,9796,-2821
ISNE,"8/28/2022 9 a.m. EDT",12721,12110,10150,-2571
ISNE,"8/28/2022 10 a.m. EDT",12742,12430,10779,-1963
ISNE,"8/28/2022 11 a.m. EDT",12894,12740,11224,-1670
ISNE,"8/28/2022 12 p.m. EDT",13013,13190,11592,-1421
ISNE,"8/28/2022 1 p.m. EDT",13606,13690,11885,-1721
ISNE,"8/28/2022 2 p.m. EDT",14078,14370,12501,-1577
ISNE,"8/28/2022 3 p.m. EDT",14548,14960,13200,-1348
ISNE,"8/28/2022 4 p.m. EDT",15406,15600,13976,-1430
ISNE,"8/28/2022 5 p.m. EDT",16272,16140,14846,-1426
ISNE,"8/28/2022 6 p.m. EDT",17186,16940,15781,-1405
ISNE,"8/28/2022 7 p.m. EDT",17452,17250,15754,-1698
ISNE,"8/28/2022 8 p.m. EDT",17179,17000,15464,-1715
ISNE,"8/28/2022 9 p.m. EDT",16715,16540,14923,-1792
ISNE,"8/28/2022 10 p.m. EDT",15711,15590,14072,-1639
ISNE,"8/28/2022 11 p.m. EDT",14698,14430,12469,-2229
ISNE,"8/29/2022 12 a.m. EDT",13551,13280,10997,-2554
ISNE,"8/29/2022 1 a.m. EDT",12960,12570,10254,-2706
ISNE,"8/29/2022 2 a.m. EDT",12498,11900,9805,-2693
ISNE,"8/29/2022 3 a.m. EDT",12355,11580,9559,-2796
ISNE,"8/29/2022 4 a.m. EDT",12084,11460,9084,-3000
ISNE,"8/29/2022 5 a.m. EDT",12090,11710,9158,-2932
ISNE,"8/29/2022 6 a.m. EDT",12614,12410,9947,-2667
ISNE,"8/29/2022 7 a.m. EDT",13517,13500,11061,-2456
ISNE,"8/29/2022 8 a.m. EDT",14271,14430,12307,-1964
ISNE,"8/29/2022 9 a.m. EDT",14774,14960,13071,-1703
ISNE,"8/29/2022 10 a.m. EDT",15082,15170,13527,-1555
ISNE,"8/29/2022 11 a.m. EDT",15415,15580,13877,-1538
ISNE,"8/29/2022 12 p.m. EDT",16170,16130,15005,-1165
ISNE,"8/29/2022 1 p.m. EDT",17123,17030,16198,-925
ISNE,"8/29/2022 2 p.m. EDT",18038,18190,16896,-1142
ISNE,"8/29/2022 3 p.m. EDT",18889,18750,18041,-848
ISNE,"8/29/2022 4 p.m. EDT",19704,19550,18875,-829
ISNE,"8/29/2022 5 p.m. EDT",20633,20400,19676,-957
ISNE,"8/29/2022 6 p.m. EDT",21434,21100,19856,-1578
ISNE,"8/29/2022 7 p.m. EDT",21440,20890,19481,-1959
ISNE,"8/29/2022 8 p.m. EDT",20941,20360,19129,-1812
ISNE,"8/29/2022 9 p.m. EDT",20244,19700,18475,-1769
ISNE,"8/29/2022 10 p.m. EDT",18989,18430,17251,-1738
ISNE,"8/29/2022 11 p.m. EDT",17477,16890,15386,-2091
ISNE,"8/30/2022 12 a.m. EDT",16240,15510,14124,-2116
ISNE,"8/30/2022 1 a.m. EDT",15734,14710,13117,-2617
ISNE,"8/30/2022 2 a.m. EDT",15371,13950,12513,-2858
ISNE,"8/30/2022 3 a.m. EDT",14947,13450,12050,-2897
ISNE,"8/30/2022 4 a.m. EDT",14691,13210,11681,-3010
ISNE,"8/30/2022 5 a.m. EDT",14791,13290,11783,-3008
ISNE,"8/30/2022 6 a.m. EDT",15487,14030,12345,-3142
ISNE,"8/30/2022 7 a.m. EDT",15849,15030,13242,-2607
ISNE,"8/30/2022 8 a.m. EDT",16255,16060,14131,-2124
ISNE,"8/30/2022 9 a.m. EDT",16825,16650,14982,-1843
ISNE,"8/30/2022 10 a.m. EDT",17062,16990,15392,-1670
ISNE,"8/30/2022 11 a.m. EDT",17617,17660,16218,-1399
ISNE,"8/30/2022 12 p.m. EDT",18247,18500,16720,-1527
ISNE,"8/30/2022 1 p.m. EDT",19063,19250,17947,-1116
ISNE,"8/30/2022 2 p.m. EDT",20016,20170,18834,-1182
ISNE,"8/30/2022 3 p.m. EDT",,20750,,
ISNE,"8/30/2022 4 p.m. EDT",21326,21560,20259,-1067
ISNE,"8/30/2022 5 p.m. EDT",22226,22410,20488,-1738
ISNE,"8/30/2022 6 p.m. EDT",22734,22700,20511,-2223
ISNE,"8/30/2022 7 p.m. EDT",22274,22340,19983,-2291
ISNE,"8/30/2022 8 p.m. EDT",21644,21340,19492,-2152
ISNE,"8/30/2022 9 p.m. EDT",20870,20690,18565,-2305
ISNE,"8/30/2022 10 p.m. EDT",19601,19300,17638,-1963
ISNE,"8/30/2022 11 p.m. EDT",18043,17790,15916,-2127
ISNE,"8/31/2022 12 a.m. EDT",16611,16400,13943,-2668
ISNE,"8/31/2022 1 a.m. EDT",16044,15330,13063,-2981
ISNE,"8/31/2022 2 a.m. EDT",15562,14540,12543,-3019
ISNE,"8/31/2022 3 a.m. EDT",15451,14020,12163,-3288
ISNE,"8/31/2022 4 a.m. EDT",15212,13750,11913,-3299
ISNE,"8/31/2022 5 a.m. EDT",15196,13700,11881,-3315
ISNE,"8/31/2022 6 a.m. EDT",15236,14220,12061,-3175
ISNE,"8/31/2022 7 a.m. EDT",15655,15160,12584,-3071
ISNE,"8/31/2022 8 a.m. EDT",16002,15850,13375,-2627
ISNE,"8/31/2022 9 a.m. EDT",16021,15960,13615,-2406
ISNE,"8/31/2022 10 a.m. EDT",15802,15820,13804,-1998
ISNE,"8/31/2022 11 a.m. EDT",15928,16020,14414,-1514
ISNE,"8/31/2022 12 p.m. EDT",16371,16510,14896,-1475
ISNE,"8/31/2022 1 p.m. EDT",16846,17060,15325,-1521
ISNE,"8/31/2022 2 p.m. EDT",17340,17630,15656,-1684
ISNE,"8/31/2022 3 p.m. EDT",17589,17990,15941,-1648
ISNE,"8/31/2022 4 p.m. EDT",17876,18300,16508,-1368
ISNE,"8/31/2022 5 p.m. EDT",18371,18720,16900,-1471
ISNE,"8/31/2022 6 p.m. EDT",18910,19110,17187,-1723
ISNE,"8/31/2022 7 p.m. EDT",18818,18740,17118,-1700
ISNE,"8/31/2022 8 p.m. EDT",18148,18020,16300,-1848
ISNE,"8/31/2022 9 p.m. EDT",17333,17410,15496,-1837
ISNE,"8/31/2022 10 p.m. EDT",16018,16260,14102,-1916
ISNE,"8/31/2022 11 p.m. EDT",14543,14780,12243,-2300
ISNE,"9/1/2022 12 a.m. EDT",13206,13480,10825,-2381
