"BA Code","Timestamp (Hour Ending)","Demand (MWh)","Demand Forecast (MWh)","Net Generation (MWh)","Total Interchange (MWh)"
ISNE,"1/1/2022 12 a.m. EST",11758,11480,8922,-2836
ISNE,"1/1/2022 1 a.m. EST",10890,10680,8198,-2692
ISNE,"1/1/2022 2 a.m. EST",10571,10270,7730,-2841
ISNE,"1/1/2022 3 a.m. EST",10281,9930,7796,-2485
ISNE,"1/1/2022 4 a.m. EST",10096,9790,7556,-2540
ISNE,"1/1/2022 5 a.m. EST",10354,9760,7800,-2554
ISNE,"1/1/2022 6 a.m. EST",10518,9750,8066,-2452
ISNE,"1/1/2022 7 a.m. EST",10632,9890,8236,-2396
ISNE,"1/1/2022 8 a.m. EST",10784,10370,8116,-2668
ISNE,"1/1/2022 9 a.m. EST",11341,11130,8465,-2876
ISNE,"1/1/2022 10 a.m. EST",12042,11810,8802,-3240
ISNE,"1/1/2022 11 a.m. EST",12704,12540,9347,-3357
ISNE,"1/1/2022 12 p.m. EST",13088,12750,9798,-3290
ISNE,"1/1/2022 1 p.m. EST",13205,12830,9815,-3390
ISNE,"1/1/2022 2 p.m. EST",13160,12870,9809,-3351
ISNE,"1/1/2022 3 p.m. EST",13079,12930,9736,-3343
ISNE,"1/1/2022 4 p.m. EST",13176,13140,9886,-3290
ISNE,"1/1/2022 5 p.m. EST",13863,13820,10663,-3200
ISNE,"1/1/2022 6 p.m. EST",14373,14220,11050,-3323
ISNE,"1/1/2022 7 p.m. EST",14080,13870,10867,-3213
ISNE,"1/1/2022 8 p.m. EST",13602,13270,10570,-3032
ISNE,"1/1/2022 9 p.m. EST",13065,12730,9967,-3098
ISNE,"1/1/2022 10 p.m. EST",12455,12070,9386,-3069
ISNE,"1/1/2022 11 p.m. EST",11685,11370,8635,-3050
ISNE,"1/2/2022 12 a.m. EST",11166,10710,8184,-2982
ISNE,"1/2/2022 1 a.m. EST",10392,10280,7970,-2422
ISNE,"1/2/2022 2 a.m. EST",10084,9840,7513,-2571
ISNE,"1/2/2022 3 a.m. EST",9693,9620,7344,-2349
ISNE,"1/2/2022 4 a.m. EST",9503,9500,7330,-2173
ISNE,"1/2/2022 5 a.m. EST",9557,9550,7351,-2206
ISNE,"1/2/2022 6 a.m. EST",9801,9760,7583,-2218
ISNE,"1/2/2022 7 a.m. EST",10238,10080,7764,-2474
ISNE,"1/2/2022 8 a.m. EST",10806,10640,8213,-2593
ISNE,"1/2/2022 9 a.m. EST",11487,11490,8643,-2844
ISNE,"1/2/2022 10 a.m. EST",12162,12280,8956,-3206
ISNE,"1/2/2022 11 a.m. EST",12637,12710,9346,-3291
ISNE,"1/2/2022 12 p.m. EST",13069,12920,9933,-3136
ISNE,"1/2/2022 1 p.m. EST",13402,13090,10161,-3241
ISNE,"1/2/2022 2 p.m. EST",13453,13200,10313,-3140
ISNE,"1/2/2022 3 p.m. EST",13472,13320,10280,-3192
ISNE,"1/2/2022 4 p.m. EST",13704,13720,10252,-3452
ISNE,"1/2/2022 5 p.m. EST",14615,14620,11280,-3335
ISNE,"1/2/2022 6 p.m. EST",15269,15400,11994,-3275
ISNE,"1/2/2022 7 p.m. EST",15094,15080,11898,-3196
ISNE,"1/2/2022 8 p.m. EST",14724,14510,11555,-3169
ISNE,"1/2/2022 9 p.m. EST",14192,14000,10930,-3262
ISNE,"1/2/2022 10 p.m. EST",13484,13240,10069,-3415
ISNE,"1/2/2022 11 p.m. EST",12628,12440,9239,-3389
ISNE,"1/3/2022 12 a.m. EST",12238,11710,8624,-3614
ISNE,"1/3/2022 1 a.m. EST",12049,11290,8377,-3672
ISNE,"1/3/2022 2 a.m. EST",11790,11010,8182,-3608
ISNE,"1/3/2022 3 a.m. EST",11712,10950,8224,-3488
ISNE,"1/3/2022 4 a.m. EST",11838,11070,8625,-3213
ISNE,"1/3/2022 5 a.m. EST",11949,11490,8940,-3009
ISNE,"1/3/2022 6 a.m. EST",12578,12390,9569,-3009
ISNE,"1/3/2022 7 a.m. EST",13799,13830,10656,-3143
ISNE,"1/3/2022 8 a.m. EST",14906,14910,11714,-3192
ISNE,"1/3/2022 9 a.m. EST",15425,15420,12336,-3089
ISNE,"1/3/2022 10 a.m. EST",15743,15730,12811,-2932
ISNE,"1/3/2022 11 a.m. EST",16051,16060,13283,-2768
ISNE,"1/3/2022 12 p.m. EST",16258,16250,13458,-2800
ISNE,"1/3/2022 1 p.m. EST",16347,16330,13497,-2850
ISNE,"1/3/2022 2 p.m. EST",16400,16490,13443,-2957
ISNE,"1/3/2022 3 p.m. EST",16375,16780,13384,-2991
ISNE,"1/3/2022 4 p.m. EST",16588,17340,13455,-3133
ISNE,"1/3/2022 5 p.m. EST",17345,18140,14284,-3061
ISNE,"1/3/2022 6 p.m. EST",17920,18460,15057,-2863
ISNE,"1/3/2022 7 p.m. EST",17646,18290,14776,-2870
ISNE,"1/3/2022 8 p.m. EST",17190,17690,14369,-2821
ISNE,"1/3/2022 9 p.m. EST",16520,16780,13839,-2681
ISNE,"1/3/2022 10 p.m. EST",15646,15670,13101,-2545
ISNE,"1/3/2022 11 p.m. EST",14599,14430,12001,-2598
ISNE,"1/4/2022 12 a.m. EST",13674,13340,10857,-2817
ISNE,"1/4/2022 1 a.m. EST",13113,13090,10534,-2579
ISNE,"1/4/2022 2 a.m. EST",12830,12810,10128,-2702
ISNE,"1/4/2022 3 a.m. EST",12758,12740,9960,-2798
ISNE,"1/4/2022 4 a.m. EST",12818,12820,9902,-2916
ISNE,"1/4/2022 5 a.m. EST",13221,13230,10969,-2252
ISNE,"1/4/2022 6 a.m. EST",14110,14130,11567,-2543
ISNE,"1/4/2022 7 a.m. EST",15575,15620,13577,-1998
ISNE,"1/4/2022 8 a.m. EST",16575,16580,14418,-2157
ISNE,"1/4/2022 9 a.m. EST",16344,16300,13593,-2751
ISNE,"1/4/2022 10 a.m. EST",15409,15410,12900,-2509
ISNE,"1/4/2022 11 a.m. EST",14598,14840,11999,-2599
ISNE,"1/4/2022 12 p.m. EST",14115,14380,11711,-2404
ISNE,"1/4/2022 1 p.m. EST",13919,14140,11464,-2455
ISNE,"1/4/2022 2 p.m. EST",14104,14070,11476,-2628
ISNE,"1/4/2022 3 p.m. EST",14808,14590,12096,-2712
ISNE,"1/4/2022 4 p.m. EST",15854,15430,13202,-2652
ISNE,"1/4/2022 5 p.m. EST",16878,16610,14077,-2801
ISNE,"1/4/2022 6 p.m. EST",17858,17700,14847,-3011
ISNE,"1/4/2022 7 p.m. EST",17696,17600,14411,-3285
ISNE,"1/4/2022 8 p.m. EST",17181,17090,14017,-3164
ISNE,"1/4/2022 9 p.m. EST",16487,16370,13630,-2857
ISNE,"1/4/2022 10 p.m. EST",15570,15420,12617,-2953
ISNE,"1/4/2022 11 p.m. EST",14439,14230,11193,-3246
ISNE,"1/5/2022 12 a.m. EST",13440,13230,10353,-3087
ISNE,"1/5/2022 1 a.m. EST",12773,12750,10352,-2421
ISNE,"1/5/2022 2 a.m. EST",12379,12370,10129,-2250
ISNE,"1/5/2022 3 a.m. EST",12205,12190,10110,-2095
ISNE,"1/5/2022 4 a.m. EST",12202,12200,9997,-2205
ISNE,"1/5/2022 5 a.m. EST",12470,12480,10533,-1937
ISNE,"1/5/2022 6 a.m. EST",13240,13270,11586,-1654
ISNE,"1/5/2022 7 a.m. EST",14542,14570,12765,-1777
ISNE,"1/5/2022 8 a.m. EST",15438,15450,13426,-2012
ISNE,"1/5/2022 9 a.m. EST",15696,15700,13691,-2005
ISNE,"1/5/2022 10 a.m. EST",15725,15760,13756,-1969
ISNE,"1/5/2022 11 a.m. EST",15675,15630,13410,-2265
ISNE,"1/5/2022 12 p.m. EST",16001,15640,13552,-2449
ISNE,"1/5/2022 1 p.m. EST",15774,15600,13577,-2197
ISNE,"1/5/2022 2 p.m. EST",15733,15660,13569,-2164
ISNE,"1/5/2022 3 p.m. EST",15757,15570,13548,-2209
ISNE,"1/5/2022 4 p.m. EST",15842,15600,13705,-2137
ISNE,"1/5/2022 5 p.m. EST",16467,16000,14164,-2303
ISNE,"1/5/2022 6 p.m. EST",16994,16800,14744,-2250
ISNE,"1/5/2022 7 p.m. EST",16621,16380,14390,-2231
ISNE,"1/5/2022 8 p.m. EST",15968,15770,13550,-2418
ISNE,"1/5/2022 9 p.m. EST",15227,15040,13028,-2199
ISNE,"1/5/2022 10 p.m. EST",14544,14120,12166,-2378
ISNE,"1/5/2022 11 p.m. EST",13515,13070,10895,-2620
ISNE,"1/6/2022 12 a.m. EST",12568,12140,9846,-2722
ISNE,"1/6/2022 1 a.m. EST",12194,11440,9285,-2909
ISNE,"1/6/2022 2 a.m. EST",11835,11070,8911,-2924
ISNE,"1/6/2022 3 a.m. EST",11688,10940,9110,-2578
ISNE,"1/6/2022 4 a.m. EST",11741,11000,9224,-2517
ISNE,"1/6/2022 5 a.m. EST",12052,11320,9567,-2485
ISNE,"1/6/2022 6 a.m. EST",12934,12280,10512,-2422
ISNE,"1/6/2022 7 a.m. EST",14347,13710,11607,-2740
ISNE,"1/6/2022 8 a.m. EST",14865,14700,12017,-2848
ISNE,"1/6/2022 9 a.m. EST",14832,14480,11860,-2972
ISNE,"1/6/2022 10 a.m. EST",14344,14010,11504,-2840
ISNE,"1/6/2022 11 a.m. EST",13651,13610,10896,-2755
ISNE,"1/6/2022 12 p.m. EST",13815,13500,11100,-2715
ISNE,"1/6/2022 1 p.m. EST",13967,13510,11590,-2377
ISNE,"1/6/2022 2 p.m. EST",13923,13630,11189,-2734
ISNE,"1/6/2022 3 p.m. EST",14045,14050,11362,-2683
ISNE,"1/6/2022 4 p.m. EST",14790,14700,12239,-2551
ISNE,"1/6/2022 5 p.m. EST",15932,15820,13559,-2373
ISNE,"1/6/2022 6 p.m. EST",16851,16940,14427,-2424
ISNE,"1/6/2022 7 p.m. EST",16708,16780,14108,-2600
ISNE,"1/6/2022 8 p.m. EST",16229,16330,13640,-2589
ISNE,"1/6/2022 9 p.m. EST",15598,15620,12969,-2629
ISNE,"1/6/2022 10 p.m. EST",14750,14730,12196,-2554
ISNE,"1/6/2022 11 p.m. EST",13725,13610,11014,-2711
ISNE,"1/7/2022 12 a.m. EST",12796,12670,9994,-2802
ISNE,"1/7/2022 1 a.m. EST",12147,12100,9300,-2847
ISNE,"1/7/2022 2 a.m. EST",11991,11700,9341,-2650
ISNE,"1/7/2022 3 a.m. EST",11854,11540,9317,-2537
ISNE,"1/7/2022 4 a.m. EST",11885,11570,9298,-2587
ISNE,"1/7/2022 5 a.m. EST",11997,11910,9138,-2859
ISNE,"1/7/2022 6 a.m. EST",12712,12800,9595,-3117
ISNE,"1/7/2022 7 a.m. EST",13684,14230,10416,-3268
ISNE,"1/7/2022 8 a.m. EST",14612,15250,11322,-3290
ISNE,"1/7/2022 9 a.m. EST",15361,15690,12253,-3108
ISNE,"1/7/2022 10 a.m. EST",15892,15850,12881,-3011
ISNE,"1/7/2022 11 a.m. EST",16202,15990,13108,-3094
ISNE,"1/7/2022 12 p.m. EST",16355,16290,13360,-2995
ISNE,"1/7/2022 1 p.m. EST",16361,16290,13135,-3226
ISNE,"1/7/2022 2 p.m. EST",16267,16200,13136,-3131
ISNE,"1/7/2022 3 p.m. EST",16101,16190,13164,-2937
ISNE,"1/7/2022 4 p.m. EST",16034,16510,13189,-2845
ISNE,"1/7/2022 5 p.m. EST",16574,17170,13522,-3052
ISNE,"1/7/2022 6 p.m. EST",17402,17600,14433,-2969
ISNE,"1/7/2022 7 p.m. EST",17091,17200,13911,-3180
ISNE,"1/7/2022 8 p.m. EST",16561,16580,13309,-3252
ISNE,"1/7/2022 9 p.m. EST",15939,15960,12924,-3015
ISNE,"1/7/2022 10 p.m. EST",15231,15250,12496,-2735
ISNE,"1/7/2022 11 p.m. EST",14396,14420,12076,-2320
ISNE,"1/8/2022 12 a.m. EST",13573,13500,11018,-2555
ISNE,"1/8/2022 1 a.m. EST",13040,12940,10560,-2480
ISNE,"1/8/2022 2 a.m. EST",12907,12590,10377,-2530
ISNE,"1/8/2022 3 a.m. EST",12769,12450,10233,-2536
ISNE,"1/8/2022 4 a.m. EST",12792,12470,10237,-2555
ISNE,"1/8/2022 5 a.m. EST",13069,12660,10596,-2473
ISNE,"1/8/2022 6 a.m. EST",13648,13080,11031,-2617
ISNE,"1/8/2022 7 a.m. EST",14144,13740,11370,-2774
ISNE,"1/8/2022 8 a.m. EST",14586,14400,12009,-2577
ISNE,"1/8/2022 9 a.m. EST",15266,14820,12570,-2696
ISNE,"1/8/2022 10 a.m. EST",15630,15550,12769,-2861
ISNE,"1/8/2022 11 a.m. EST",15685,15390,12536,-3149
ISNE,"1/8/2022 12 p.m. EST",15559,15140,12559,-3000
ISNE,"1/8/2022 1 p.m. EST",15313,15030,12253,-3060
ISNE,"1/8/2022 2 p.m. EST",15066,14960,11798,-3268
ISNE,"1/8/2022 3 p.m. EST",14948,15010,11781,-3167
ISNE,"1/8/2022 4 p.m. EST",15209,15150,12154,-3055
ISNE,"1/8/2022 5 p.m. EST",16049,16200,12885,-3164
ISNE,"1/8/2022 6 p.m. EST",17098,17200,13663,-3435
ISNE,"1/8/2022 7 p.m. EST",17031,17030,13637,-3394
ISNE,"1/8/2022 8 p.m. EST",16613,16360,13371,-3242
ISNE,"1/8/2022 9 p.m. EST",16121,15840,13101,-3020
ISNE,"1/8/2022 10 p.m. EST",15478,15230,12740,-2738
ISNE,"1/8/2022 11 p.m. EST",14681,14390,11923,-2758
ISNE,"1/9/2022 12 a.m. EST",13841,13630,10922,-2919
ISNE,"1/9/2022 1 a.m. EST",13206,13180,10755,-2451
ISNE,"1/9/2022 2 a.m. EST",12758,12750,10555,-2203
ISNE,"1/9/2022 3 a.m. EST",12760,12510,10704,-2056
ISNE,"1/9/2022 4 a.m. EST",12669,12380,10454,-2215
ISNE,"1/9/2022 5 a.m. EST",12927,12350,10656,-2271
ISNE,"1/9/2022 6 a.m. EST",13110,12530,10688,-2422
ISNE,"1/9/2022 7 a.m. EST",13227,12890,10609,-2618
ISNE,"1/9/2022 8 a.m. EST",13396,13440,10586,-2810
ISNE,"1/9/2022 9 a.m. EST",14014,14250,11093,-2921
ISNE,"1/9/2022 10 a.m. EST",14687,14880,11505,-3182
ISNE,"1/9/2022 11 a.m. EST",15102,15290,11704,-3398
ISNE,"1/9/2022 12 p.m. EST",15346,15480,12169,-3177
ISNE,"1/9/2022 1 p.m. EST",15370,15510,11901,-3469
ISNE,"1/9/2022 2 p.m. EST",15282,15480,11882,-3400
ISNE,"1/9/2022 3 p.m. EST",15306,15380,12025,-3281
ISNE,"1/9/2022 4 p.m. EST",15453,15460,12002,-3451
ISNE,"1/9/2022 5 p.m. EST",16066,16220,12562,-3504
ISNE,"1/9/2022 6 p.m. EST",16615,16900,13311,-3304
ISNE,"1/9/2022 7 p.m. EST",16287,16430,12793,-3494
ISNE,"1/9/2022 8 p.m. EST",15633,15560,11919,-3714
ISNE,"1/9/2022 9 p.m. EST",14941,14900,11252,-3689
ISNE,"1/9/2022 10 p.m. EST",14052,14100,10448,-3604
ISNE,"1/9/2022 11 p.m. EST",13517,13170,9757,-3760
ISNE,"1/10/2022 12 a.m. EST",12904,12360,9318,-3586
ISNE,"1/10/2022 1 a.m. EST",12351,11590,8803,-3548
ISNE,"1/10/2022 2 a.m. EST",12394,11340,8724,-3670
ISNE,"1/10/2022 3 a.m. EST",12362,11290,8825,-3537
ISNE,"1/10/2022 4 a.m. EST",12359,11450,8924,-3435
ISNE,"1/10/2022 5 a.m. EST",12366,11900,8965,-3401
ISNE,"1/10/2022 6 a.m. EST",12932,12940,9220,-3712
ISNE,"1/10/2022 7 a.m. EST",14483,14530,10621,-3862
ISNE,"1/10/2022 8 a.m. EST",15610,15620,11683,-3927
ISNE,"1/10/2022 9 a.m. EST",15636,15660,11831,-3805
ISNE,"1/10/2022 10 a.m. EST",15297,15280,11596,-3701
ISNE,"1/10/2022 11 a.m. EST",15050,15110,11696,-3354
ISNE,"1/10/2022 12 p.m. EST",14921,15050,11652,-3269
ISNE,"1/10/2022 1 p.m. EST",14935,15140,11479,-3456
ISNE,"1/10/2022 2 p.m. EST",15118,15340,11705,-3413
ISNE,"1/10/2022 3 p.m. EST",15399,15560,11912,-3487
ISNE,"1/10/2022 4 p.m. EST",16063,16130,12717,-3346
ISNE,"1/10/2022 5 p.m. EST",17093,17140,13799,-3294
ISNE,"1/10/2022 6 p.m. EST",18164,18200,14665,-3499
ISNE,"1/10/2022 7 p.m. EST",18062,18110,14632,-3430
ISNE,"1/10/2022 8 p.m. EST",17601,17640,14161,-3440
ISNE,"1/10/2022 9 p.m. EST",16927,16940,13542,-3385
ISNE,"1/10/2022 10 p.m. EST",16040,16000,12687,-3353
ISNE,"1/10/2022 11 p.m. EST",14998,14860,11815,-3183
ISNE,"1/11/2022 12 a.m. EST",14154,13920,10674,-3480
ISNE,"1/11/2022 1 a.m. EST",13883,13540,10650,-3233
ISNE,"1/11/2022 2 a.m. EST",13598,13270,10305,-3293
ISNE,"1/11/2022 3 a.m. EST",13552,13230,10052,-3500
ISNE,"1/11/2022 4 a.m. EST",13904,13370,10531,-3373
ISNE,"1/11/2022 5 a.m. EST",14239,13790,10934,-3305
ISNE,"1/11/2022 6 a.m. EST",15029,14730,11772,-3257
ISNE,"1/11/2022 7 a.m. EST",16276,16300,13023,-3253
ISNE,"1/11/2022 8 a.m. EST",17388,17410,14530,-2858
ISNE,"1/11/2022 9 a.m. EST",17578,17600,14604,-2974
ISNE,"1/11/2022 10 a.m. EST",17201,17180,14641,-2560
ISNE,"1/11/2022 11 a.m. EST",16700,16700,14236,-2464
ISNE,"1/11/2022 12 p.m. EST",16354,16530,13818,-2536
ISNE,"1/11/2022 1 p.m. EST",16134,16500,13623,-2511
ISNE,"1/11/2022 2 p.m. EST",16229,16480,13945,-2284
ISNE,"1/11/2022 3 p.m. EST",16635,16930,14205,-2430
ISNE,"1/11/2022 4 p.m. EST",17479,17530,14804,-2675
ISNE,"1/11/2022 5 p.m. EST",18621,19240,15832,-2789
ISNE,"1/11/2022 6 p.m. EST",19604,20220,16863,-2741
ISNE,"1/11/2022 7 p.m. EST",19526,19880,17163,-2363
ISNE,"1/11/2022 8 p.m. EST",19127,19280,16462,-2665
ISNE,"1/11/2022 9 p.m. EST",18444,18660,15990,-2454
ISNE,"1/11/2022 10 p.m. EST",17522,17730,14998,-2524
ISNE,"1/11/2022 11 p.m. EST",16385,16510,13438,-2947
ISNE,"1/12/2022 12 a.m. EST",15464,15400,11923,-3541
ISNE,"1/12/2022 1 a.m. EST",14882,14880,11295,-3587
ISNE,"1/12/2022 2 a.m. EST",14536,14530,11222,-3314
ISNE,"1/12/2022 3 a.m. EST",14339,14340,11059,-3280
ISNE,"1/12/2022 4 a.m. EST",14317,14320,10974,-3343
ISNE,"1/12/2022 5 a.m. EST",14601,14600,11376,-3225
ISNE,"1/12/2022 6 a.m. EST",15374,15400,12327,-3047
ISNE,"1/12/2022 7 a.m. EST",16725,16760,13586,-3139
ISNE,"1/12/2022 8 a.m. EST",17638,17640,14377,-3261
ISNE,"1/12/2022 9 a.m. EST",17530,17490,14174,-3356
ISNE,"1/12/2022 10 a.m. EST",16982,16970,13507,-3475
ISNE,"1/12/2022 11 a.m. EST",16395,16460,13034,-3361
ISNE,"1/12/2022 12 p.m. EST",16303,15840,12865,-3438
ISNE,"1/12/2022 1 p.m. EST",16015,15580,12713,-3302
ISNE,"1/12/2022 2 p.m. EST",16068,15630,12728,-3340
ISNE,"1/12/2022 3 p.m. EST",16210,15810,12758,-3452
ISNE,"1/12/2022 4 p.m. EST",16452,16130,13039,-3413
ISNE,"1/12/2022 5 p.m. EST",17131,17160,13853,-3278
ISNE,"1/12/2022 6 p.m. EST",17934,17950,15275,-2659
ISNE,"1/12/2022 7 p.m. EST",17707,17760,14262,-3445
ISNE,"1/12/2022 8 p.m. EST",17107,17200,13663,-3444
ISNE,"1/12/2022 9 p.m. EST",16376,16670,12848,-3528
ISNE,"1/12/2022 10 p.m. EST",15428,15750,11869,-3559
ISNE,"1/12/2022 11 p.m. EST",14274,14630,10804,-3470
ISNE,"1/13/2022 12 a.m. EST",13326,13660,9885,-3441
ISNE,"1/13/2022 1 a.m. EST",13032,12680,9160,-3872
ISNE,"1/13/2022 2 a.m. EST",12958,12350,9071,-3887
ISNE,"1/13/2022 3 a.m. EST",13014,12200,9137,-3877
ISNE,"1/13/2022 4 a.m. EST",13335,12230,9449,-3886
ISNE,"1/13/2022 5 a.m. EST",13633,12550,9835,-3798
ISNE,"1/13/2022 6 a.m. EST",14078,13430,10276,-3802
ISNE,"1/13/2022 7 a.m. EST",14933,14870,11148,-3785
ISNE,"1/13/2022 8 a.m. EST",15837,15850,12458,-3379
ISNE,"1/13/2022 9 a.m. EST",16048,16040,12738,-3310
ISNE,"1/13/2022 10 a.m. EST",15724,15730,12294,-3430
ISNE,"1/13/2022 11 a.m. EST",15154,15220,11617,-3537
ISNE,"1/13/2022 12 p.m. EST",14937,14880,11346,-3591
ISNE,"1/13/2022 1 p.m. EST",14767,14520,11110,-3657
ISNE,"1/13/2022 2 p.m. EST",14804,14550,11176,-3628
ISNE,"1/13/2022 3 p.m. EST",15092,14670,11284,-3808
ISNE,"1/13/2022 4 p.m. EST",15204,15190,11554,-3650
ISNE,"1/13/2022 5 p.m. EST",15909,16120,12114,-3795
ISNE,"1/13/2022 6 p.m. EST",16877,17030,13081,-3796
ISNE,"1/13/2022 7 p.m. EST",16725,16860,12841,-3884
ISNE,"1/13/2022 8 p.m. EST",16247,16360,12344,-3903
ISNE,"1/13/2022 9 p.m. EST",15603,15660,11601,-4002
ISNE,"1/13/2022 10 p.m. EST",14713,14780,10720,-3993
ISNE,"1/13/2022 11 p.m. EST",13646,13710,9545,-4101
ISNE,"1/14/2022 12 a.m. EST",13172,12780,9073,-4099
ISNE,"1/14/2022 1 a.m. EST",12843,12060,8742,-4101
ISNE,"1/14/2022 2 a.m. EST",12475,11700,8373,-4102
ISNE,"1/14/2022 3 a.m. EST",12581,11520,8412,-4169
ISNE,"1/14/2022 4 a.m. EST",12601,11510,8436,-4165
ISNE,"1/14/2022 5 a.m. EST",12819,11800,8697,-4122
ISNE,"1/14/2022 6 a.m. EST",13313,12620,9167,-4146
ISNE,"1/14/2022 7 a.m. EST",13984,13980,9967,-4017
ISNE,"1/14/2022 8 a.m. EST",15008,15020,10954,-4054
ISNE,"1/14/2022 9 a.m. EST",15393,15400,11400,-3993
ISNE,"1/14/2022 10 a.m. EST",15439,15450,11480,-3959
ISNE,"1/14/2022 11 a.m. EST",15276,15340,11498,-3778
ISNE,"1/14/2022 12 p.m. EST",15078,15120,11324,-3754
ISNE,"1/14/2022 1 p.m. EST",14971,14990,11346,-3625
ISNE,"1/14/2022 2 p.m. EST",14896,15040,11504,-3392
ISNE,"1/14/2022 3 p.m. EST",14895,15260,11432,-3463
ISNE,"1/14/2022 4 p.m. EST",15283,15610,11726,-3557
ISNE,"1/14/2022 5 p.m. EST",16149,16420,12412,-3737
ISNE,"1/14/2022 6 p.m. EST",17085,17300,13394,-3691
ISNE,"1/14/2022 7 p.m. EST",17051,17120,13359,-3692
ISNE,"1/14/2022 8 p.m. EST",16729,16760,12996,-3733
ISNE,"1/14/2022 9 p.m. EST",16346,16330,12632,-3714
ISNE,"1/14/2022 10 p.m. EST",15810,15710,11780,-4030
ISNE,"1/14/2022 11 p.m. EST",15104,15030,11322,-3782
ISNE,"1/15/2022 12 a.m. EST",14454,14350,10614,-3840
ISNE,"1/15/2022 1 a.m. EST",14001,13840,10423,-3578
ISNE,"1/15/2022 2 a.m. EST",13760,13590,10367,-3393
ISNE,"1/15/2022 3 a.m. EST",13708,13530,10122,-3586
ISNE,"1/15/2022 4 a.m. EST",13792,13560,10081,-3711
ISNE,"1/15/2022 5 a.m. EST",14026,13850,10411,-3615
ISNE,"1/15/2022 6 a.m. EST",14508,14280,10829,-3679
ISNE,"1/15/2022 7 a.m. EST",15294,14990,11627,-3667
ISNE,"1/15/2022 8 a.m. EST",16047,15670,12423,-3624
ISNE,"1/15/2022 9 a.m. EST",16264,15910,12721,-3543
ISNE,"1/15/2022 10 a.m. EST",15770,15680,12259,-3511
ISNE,"1/15/2022 11 a.m. EST",15229,15420,12018,-3211
ISNE,"1/15/2022 12 p.m. EST",15044,15280,11744,-3300
ISNE,"1/15/2022 1 p.m. EST",15091,15120,11749,-3342
ISNE,"1/15/2022 2 p.m. EST",15298,15240,12243,-3055
ISNE,"1/15/2022 3 p.m. EST",15891,15680,13018,-2873
ISNE,"1/15/2022 4 p.m. EST",16931,16530,13720,-3211
ISNE,"1/15/2022 5 p.m. EST",18230,17740,14958,-3272
ISNE,"1/15/2022 6 p.m. EST",19112,18650,16120,-2992
ISNE,"1/15/2022 7 p.m. EST",19001,18520,16052,-2949
ISNE,"1/15/2022 8 p.m. EST",18569,18580,15503,-3066
ISNE,"1/15/2022 9 p.m. EST",18063,17940,14806,-3257
ISNE,"1/15/2022 10 p.m. EST",17368,17360,14029,-3339
ISNE,"1/15/2022 11 p.m. EST",16593,16520,13123,-3470
ISNE,"1/16/2022 12 a.m. EST",15785,15680,12540,-3245
ISNE,"1/16/2022 1 a.m. EST",15185,15150,11761,-3424
ISNE,"1/16/2022 2 a.m. EST",15115,14770,11589,-3526
ISNE,"1/16/2022 3 a.m. EST",14943,14590,11416,-3527
ISNE,"1/16/2022 4 a.m. EST",14887,14570,11634,-3253
ISNE,"1/16/2022 5 a.m. EST",14974,14660,11899,-3075
ISNE,"1/16/2022 6 a.m. EST",15222,14940,12468,-2754
ISNE,"1/16/2022 7 a.m. EST",15455,15460,13336,-2119
ISNE,"1/16/2022 8 a.m. EST",15989,15990,14186,-1803
ISNE,"1/16/2022 9 a.m. EST",15983,15960,14030,-1953
ISNE,"1/16/2022 10 a.m. EST",15334,15390,13293,-2041
ISNE,"1/16/2022 11 a.m. EST",14660,14830,12223,-2437
ISNE,"1/16/2022 12 p.m. EST",14252,14580,11671,-2581
ISNE,"1/16/2022 1 p.m. EST",14349,14520,11219,-3130
ISNE,"1/16/2022 2 p.m. EST",14733,14570,11495,-3238
ISNE,"1/16/2022 3 p.m. EST",15081,15100,12003,-3078
ISNE,"1/16/2022 4 p.m. EST",16047,15790,12793,-3254
ISNE,"1/16/2022 5 p.m. EST",17173,17070,13643,-3530
ISNE,"1/16/2022 6 p.m. EST",18033,18200,14618,-3415
ISNE,"1/16/2022 7 p.m. EST",17778,18010,14336,-3442
ISNE,"1/16/2022 8 p.m. EST",17145,17360,13683,-3462
ISNE,"1/16/2022 9 p.m. EST",16489,16600,12963,-3526
ISNE,"1/16/2022 10 p.m. EST",15654,15780,12084,-3570
ISNE,"1/16/2022 11 p.m. EST",14687,14740,11029,-3658
ISNE,"1/17/2022 12 a.m. EST",13829,13820,10089,-3740
ISNE,"1/17/2022 1 a.m. EST",13439,13100,9690,-3749
ISNE,"1/17/2022 2 a.m. EST",13294,12680,9589,-3705
ISNE,"1/17/2022 3 a.m. EST",13079,12470,9523,-3556
ISNE,"1/17/2022 4 a.m. EST",13036,12450,9557,-3479
ISNE,"1/17/2022 5 a.m. EST",13267,12700,9833,-3434
ISNE,"1/17/2022 6 a.m. EST",13554,13230,10099,-3455
ISNE,"1/17/2022 7 a.m. EST",14003,14000,10597,-3406
ISNE,"1/17/2022 8 a.m. EST",14685,14710,11406,-3279
ISNE,"1/17/2022 9 a.m. EST",15247,15270,12026,-3221
ISNE,"1/17/2022 10 a.m. EST",15732,15770,12386,-3346
ISNE,"1/17/2022 11 a.m. EST",15811,15830,12519,-3292
ISNE,"1/17/2022 12 p.m. EST",15422,15790,11973,-3449
ISNE,"1/17/2022 1 p.m. EST",15743,15770,12048,-3695
ISNE,"1/17/2022 2 p.m. EST",15707,15850,12009,-3698
ISNE,"1/17/2022 3 p.m. EST",15555,15970,12046,-3509
ISNE,"1/17/2022 4 p.m. EST",15878,16310,12403,-3475
ISNE,"1/17/2022 5 p.m. EST",16546,16970,12895,-3651
ISNE,"1/17/2022 6 p.m. EST",17231,17780,13750,-3481
ISNE,"1/17/2022 7 p.m. EST",16912,17410,13140,-3772
ISNE,"1/17/2022 8 p.m. EST",16287,16670,12457,-3830
ISNE,"1/17/2022 9 p.m. EST",15575,15890,11730,-3845
ISNE,"1/17/2022 10 p.m. EST",14644,14830,10698,-3946
ISNE,"1/17/2022 11 p.m. EST",13738,13780,9749,-3989
ISNE,"1/18/2022 12 a.m. EST",13094,12900,9158,-3936
ISNE,"1/18/2022 1 a.m. EST",12901,12430,9054,-3847
ISNE,"1/18/2022 2 a.m. EST",13030,12160,9094,-3936
ISNE,"1/18/2022 3 a.m. EST",12961,12100,9274,-3687
ISNE,"1/18/2022 4 a.m. EST",13102,11960,9391,-3711
ISNE,"1/18/2022 5 a.m. EST",13367,12410,9654,-3713
ISNE,"1/18/2022 6 a.m. EST",13883,13310,10215,-3668
ISNE,"1/18/2022 7 a.m. EST",14915,14900,11380,-3535
ISNE,"1/18/2022 8 a.m. EST",15942,15840,12394,-3548
ISNE,"1/18/2022 9 a.m. EST",15978,15970,12260,-3718
ISNE,"1/18/2022 10 a.m. EST",15481,15560,11864,-3617
ISNE,"1/18/2022 11 a.m. EST",14707,15170,11217,-3490
ISNE,"1/18/2022 12 p.m. EST",14313,14900,10860,-3453
ISNE,"1/18/2022 1 p.m. EST",14234,14640,11036,-3198
ISNE,"1/18/2022 2 p.m. EST",14553,14750,11804,-2749
ISNE,"1/18/2022 3 p.m. EST",14864,15180,11820,-3044
ISNE,"1/18/2022 4 p.m. EST",15744,15870,12648,-3096
ISNE,"1/18/2022 5 p.m. EST",17018,17390,13468,-3550
ISNE,"1/18/2022 6 p.m. EST",18208,18750,14650,-3558
ISNE,"1/18/2022 7 p.m. EST",18148,18570,14560,-3588
ISNE,"1/18/2022 8 p.m. EST",17677,18010,14132,-3545
ISNE,"1/18/2022 9 p.m. EST",17068,17230,13509,-3559
ISNE,"1/18/2022 10 p.m. EST",16162,16380,12528,-3634
ISNE,"1/18/2022 11 p.m. EST",15119,15380,11305,-3814
ISNE,"1/19/2022 12 a.m. EST",14218,14470,10494,-3724
ISNE,"1/19/2022 1 a.m. EST",13669,13660,10053,-3616
ISNE,"1/19/2022 2 a.m. EST",13652,13370,9863,-3789
ISNE,"1/19/2022 3 a.m. EST",13577,13250,9723,-3854
ISNE,"1/19/2022 4 a.m. EST",13606,13280,9817,-3789
ISNE,"1/19/2022 5 a.m. EST",13616,13590,10000,-3616
ISNE,"1/19/2022 6 a.m. EST",14423,14460,10855,-3568
ISNE,"1/19/2022 7 a.m. EST",15858,15890,12563,-3295
ISNE,"1/19/2022 8 a.m. EST",16791,16790,13417,-3374
ISNE,"1/19/2022 9 a.m. EST",16797,16790,13402,-3395
ISNE,"1/19/2022 10 a.m. EST",16457,16400,13073,-3384
ISNE,"1/19/2022 11 a.m. EST",16022,15810,12673,-3349
ISNE,"1/19/2022 12 p.m. EST",15453,15400,12232,-3221
ISNE,"1/19/2022 1 p.m. EST",15366,15050,12064,-3302
ISNE,"1/19/2022 2 p.m. EST",15155,14970,11854,-3301
ISNE,"1/19/2022 3 p.m. EST",15351,15040,12173,-3178
ISNE,"1/19/2022 4 p.m. EST",15578,15280,12312,-3266
ISNE,"1/19/2022 5 p.m. EST",16195,16280,13250,-2945
ISNE,"1/19/2022 6 p.m. EST",17126,17250,13494,-3632
ISNE,"1/19/2022 7 p.m. EST",16974,16900,13313,-3661
ISNE,"1/19/2022 8 p.m. EST",16599,16320,12977,-3622
ISNE,"1/19/2022 9 p.m. EST",15956,15610,12203,-3753
ISNE,"1/19/2022 10 p.m. EST",14980,14680,11312,-3668
ISNE,"1/19/2022 11 p.m. EST",14108,13590,10310,-3798
ISNE,"1/20/2022 12 a.m. EST",13437,12650,9599,-3838
ISNE,"1/20/2022 1 a.m. EST",13107,12000,9110,-3997
ISNE,"1/20/2022 2 a.m. EST",12740,11640,8835,-3905
ISNE,"1/20/2022 3 a.m. EST",12585,11480,8694,-3891
ISNE,"1/20/2022 4 a.m. EST",12554,11480,8866,-3688
ISNE,"1/20/2022 5 a.m. EST",12820,11810,8857,-3963
ISNE,"1/20/2022 6 a.m. EST",13152,12640,9264,-3888
ISNE,"1/20/2022 7 a.m. EST",14136,14150,10360,-3776
ISNE,"1/20/2022 8 a.m. EST",15176,15200,11508,-3668
ISNE,"1/20/2022 9 a.m. EST",15723,15820,12023,-3700
ISNE,"1/20/2022 10 a.m. EST",16038,16020,12568,-3470
ISNE,"1/20/2022 11 a.m. EST",16098,15830,13027,-3071
ISNE,"1/20/2022 12 p.m. EST",15764,15770,12535,-3229
ISNE,"1/20/2022 1 p.m. EST",15171,15620,12277,-2894
ISNE,"1/20/2022 2 p.m. EST",14845,15400,12373,-2472
ISNE,"1/20/2022 3 p.m. EST",14902,15340,12392,-2510
ISNE,"1/20/2022 4 p.m. EST",15341,15620,13017,-2324
ISNE,"1/20/2022 5 p.m. EST",16476,16610,14091,-2385
ISNE,"1/20/2022 6 p.m. EST",17617,17750,15323,-2294
ISNE,"1/20/2022 7 p.m. EST",17599,17650,14989,-2610
ISNE,"1/20/2022 8 p.m. EST",17208,17250,14666,-2542
ISNE,"1/20/2022 9 p.m. EST",16677,16650,13974,-2703
ISNE,"1/20/2022 10 p.m. EST",15910,15880,13033,-2877
ISNE,"1/20/2022 11 p.m. EST",15192,14910,12113,-3079
ISNE,"1/21/2022 12 a.m. EST",14703,14100,11899,-2804
ISNE,"1/21/2022 1 a.m. EST",13985,13640,12069,-1916
ISNE,"1/21/2022 2 a.m. EST",13795,13430,12244,-1551
ISNE,"1/21/2022 3 a.m. EST",13992,13400,12264,-1728
ISNE,"1/21/2022 4 a.m. EST",14106,13540,12479,-1627
ISNE,"1/21/2022 5 a.m. EST",14537,13980,13277,-1260
ISNE,"1/21/2022 6 a.m. EST",15229,14910,13575,-1654
ISNE,"1/21/2022 7 a.m. EST",16490,16470,14634,-1856
ISNE,"1/21/2022 8 a.m. EST",17495,17500,16028,-1467
ISNE,"1/21/2022 9 a.m. EST",17508,17540,16001,-1507
ISNE,"1/21/2022 10 a.m. EST",16994,17030,15528,-1466
ISNE,"1/21/2022 11 a.m. EST",16234,16270,14886,-1348
ISNE,"1/21/2022 12 p.m. EST",15663,15840,14156,-1507
ISNE,"1/21/2022 1 p.m. EST",15512,15550,13297,-2215
ISNE,"1/21/2022 2 p.m. EST",15410,15510,13143,-2267
ISNE,"1/21/2022 3 p.m. EST",15923,15670,13722,-2201
ISNE,"1/21/2022 4 p.m. EST",16351,16250,14092,-2259
ISNE,"1/21/2022 5 p.m. EST",17545,17420,15321,-2224
ISNE,"1/21/2022 6 p.m. EST",18559,18400,16609,-1950
ISNE,"1/21/2022 7 p.m. EST",18455,18300,16728,-1727
ISNE,"1/21/2022 8 p.m. EST",18032,17910,16396,-1636
ISNE,"1/21/2022 9 p.m. EST",17501,17380,16041,-1460
ISNE,"1/21/2022 10 p.m. EST",16812,16680,15094,-1718
ISNE,"1/21/2022 11 p.m. EST",15896,15930,13412,-2484
ISNE,"1/22/2022 12 a.m. EST",15030,15100,12716,-2314
ISNE,"1/22/2022 1 a.m. EST",14439,14440,12385,-2054
ISNE,"1/22/2022 2 a.m. EST",14128,14120,12098,-2030
ISNE,"1/22/2022 3 a.m. EST",13978,13990,12263,-1715
ISNE,"1/22/2022 4 a.m. EST",13987,13990,12670,-1317
ISNE,"1/22/2022 5 a.m. EST",14155,14160,13158,-997
ISNE,"1/22/2022 6 a.m. EST",14572,14580,14121,-451
ISNE,"1/22/2022 7 a.m. EST",15255,15280,14282,-973
ISNE,"1/22/2022 8 a.m. EST",15991,16010,15155,-836
ISNE,"1/22/2022 9 a.m. EST",16292,16280,15420,-872
ISNE,"1/22/2022 10 a.m. EST",15914,15910,14627,-1287
ISNE,"1/22/2022 11 a.m. EST",15365,15520,14150,-1215
ISNE,"1/22/2022 12 p.m. EST",14875,15120,13210,-1665
ISNE,"1/22/2022 1 p.m. EST",14498,14700,12554,-1944
ISNE,"1/22/2022 2 p.m. EST",14405,14500,12246,-2159
ISNE,"1/22/2022 3 p.m. EST",14830,14690,12394,-2436
ISNE,"1/22/2022 4 p.m. EST",15378,15510,12934,-2444
ISNE,"1/22/2022 5 p.m. EST",16511,16620,14281,-2230
ISNE,"1/22/2022 6 p.m. EST",17540,17660,15271,-2269
ISNE,"1/22/2022 7 p.m. EST",17488,17520,14347,-3141
ISNE,"1/22/2022 8 p.m. EST",17044,16970,13736,-3308
ISNE,"1/22/2022 9 p.m. EST",16561,16430,13346,-3215
ISNE,"1/22/2022 10 p.m. EST",15912,15810,12876,-3036
ISNE,"1/22/2022 11 p.m. EST",15127,14980,12424,-2703
ISNE,"1/23/2022 12 a.m. EST",14369,14200,11342,-3027
ISNE,"1/23/2022 1 a.m. EST",13770,13750,10755,-3015
ISNE,"1/23/2022 2 a.m. EST",13522,13380,10477,-3045
ISNE,"1/23/2022 3 a.m. EST",13527,13180,10420,-3107
ISNE,"1/23/2022 4 a.m. EST",13595,13100,10515,-3080
ISNE,"1/23/2022 5 a.m. EST",13625,13150,10690,-2935
ISNE,"1/23/2022 6 a.m. EST",13503,13440,10640,-2863
ISNE,"1/23/2022 7 a.m. EST",13938,13940,10964,-2974
ISNE,"1/23/2022 8 a.m. EST",14400,14390,11391,-3009
ISNE,"1/23/2022 9 a.m. EST",15026,14790,11937,-3089
ISNE,"1/23/2022 10 a.m. EST",15008,14960,12083,-2925
ISNE,"1/23/2022 11 a.m. EST",14784,14490,11841,-2943
ISNE,"1/23/2022 12 p.m. EST",14538,13820,11453,-3085
ISNE,"1/23/2022 1 p.m. EST",14285,13480,11157,-3128
ISNE,"1/23/2022 2 p.m. EST",14390,13630,11220,-3170
ISNE,"1/23/2022 3 p.m. EST",14783,13930,11560,-3223
ISNE,"1/23/2022 4 p.m. EST",15436,14940,12521,-2915
ISNE,"1/23/2022 5 p.m. EST",16126,16210,13096,-3030
ISNE,"1/23/2022 6 p.m. EST",17101,17450,13938,-3163
ISNE,"1/23/2022 7 p.m. EST",16960,17290,13618,-3342
ISNE,"1/23/2022 8 p.m. EST",16528,16740,13135,-3393
ISNE,"1/23/2022 9 p.m. EST",15867,16100,12683,-3184
ISNE,"1/23/2022 10 p.m. EST",14988,15230,11689,-3299
ISNE,"1/23/2022 11 p.m. EST",14114,14280,11011,-3103
ISNE,"1/24/2022 12 a.m. EST",13387,13470,9947,-3440
ISNE,"1/24/2022 1 a.m. EST",12872,12570,9757,-3115
ISNE,"1/24/2022 2 a.m. EST",12578,12320,9366,-3212
ISNE,"1/24/2022 3 a.m. EST",12235,12250,9442,-2793
ISNE,"1/24/2022 4 a.m. EST",12328,12320,9625,-2703
ISNE,"1/24/2022 5 a.m. EST",12747,12820,10092,-2655
ISNE,"1/24/2022 6 a.m. EST",13730,13920,11539,-2191
ISNE,"1/24/2022 7 a.m. EST",15295,15600,13812,-1483
ISNE,"1/24/2022 8 a.m. EST",16350,16520,15119,-1231
ISNE,"1/24/2022 9 a.m. EST",16434,16330,14788,-1646
ISNE,"1/24/2022 10 a.m. EST",15933,15820,13845,-2088
ISNE,"1/24/2022 11 a.m. EST",15265,15320,12964,-2301
ISNE,"1/24/2022 12 p.m. EST",14726,14950,12113,-2613
ISNE,"1/24/2022 1 p.m. EST",14656,14740,11199,-3457
ISNE,"1/24/2022 2 p.m. EST",14553,13630,10818,-3735
ISNE,"1/24/2022 3 p.m. EST",15055,14130,11544,-3511
ISNE,"1/24/2022 4 p.m. EST",15576,15040,12783,-2793
ISNE,"1/24/2022 5 p.m. EST",16679,16680,13850,-2829
ISNE,"1/24/2022 6 p.m. EST",17763,18050,14986,-2777
ISNE,"1/24/2022 7 p.m. EST",17706,18040,15146,-2560
ISNE,"1/24/2022 8 p.m. EST",17082,17530,14075,-3007
ISNE,"1/24/2022 9 p.m. EST",16349,16770,13492,-2857
ISNE,"1/24/2022 10 p.m. EST",15402,15700,12302,-3100
ISNE,"1/24/2022 11 p.m. EST",14444,14490,11108,-3336
ISNE,"1/25/2022 12 a.m. EST",13644,13510,10161,-3483
ISNE,"1/25/2022 1 a.m. EST",12980,12730,9361,-3619
ISNE,"1/25/2022 2 a.m. EST",13001,12380,9206,-3795
ISNE,"1/25/2022 3 a.m. EST",12959,12170,9202,-3757
ISNE,"1/25/2022 4 a.m. EST",12966,12130,9354,-3612
ISNE,"1/25/2022 5 a.m. EST",13251,12440,9628,-3623
ISNE,"1/25/2022 6 a.m. EST",13526,13370,10081,-3445
ISNE,"1/25/2022 7 a.m. EST",14662,15060,11476,-3186
ISNE,"1/25/2022 8 a.m. EST",15626,15930,12238,-3388
ISNE,"1/25/2022 9 a.m. EST",16154,16030,12605,-3549
ISNE,"1/25/2022 10 a.m. EST",16164,15770,12401,-3763
ISNE,"1/25/2022 11 a.m. EST",15679,15210,12144,-3535
ISNE,"1/25/2022 12 p.m. EST",15447,14900,11807,-3640
ISNE,"1/25/2022 1 p.m. EST",14958,14800,11412,-3546
ISNE,"1/25/2022 2 p.m. EST",14833,14820,11230,-3603
ISNE,"1/25/2022 3 p.m. EST",15033,14980,11392,-3641
ISNE,"1/25/2022 4 p.m. EST",15170,15420,11676,-3494
ISNE,"1/25/2022 5 p.m. EST",16072,16320,12409,-3663
ISNE,"1/25/2022 6 p.m. EST",17237,17270,13486,-3751
ISNE,"1/25/2022 7 p.m. EST",17274,17230,13454,-3820
ISNE,"1/25/2022 8 p.m. EST",16829,16870,13057,-3772
ISNE,"1/25/2022 9 p.m. EST",16250,16210,12519,-3731
ISNE,"1/25/2022 10 p.m. EST",15432,15290,12025,-3407
ISNE,"1/25/2022 11 p.m. EST",14388,14260,10823,-3565
ISNE,"1/26/2022 12 a.m. EST",13516,13370,9902,-3614
ISNE,"1/26/2022 1 a.m. EST",13413,13130,9642,-3771
ISNE,"1/26/2022 2 a.m. EST",13358,12780,9756,-3602
ISNE,"1/26/2022 3 a.m. EST",13291,12760,9787,-3504
ISNE,"1/26/2022 4 a.m. EST",13288,12850,10161,-3127
ISNE,"1/26/2022 5 a.m. EST",13485,13250,10403,-3082
ISNE,"1/26/2022 6 a.m. EST",14352,14430,11264,-3088
ISNE,"1/26/2022 7 a.m. EST",15843,16050,12769,-3074
ISNE,"1/26/2022 8 a.m. EST",16832,17050,14182,-2650
ISNE,"1/26/2022 9 a.m. EST",16340,16720,13566,-2774
ISNE,"1/26/2022 10 a.m. EST",15258,15780,12361,-2897
ISNE,"1/26/2022 11 a.m. EST",14454,15310,11937,-2517
ISNE,"1/26/2022 12 p.m. EST",14036,13880,11354,-2682
ISNE,"1/26/2022 1 p.m. EST",13857,13840,11305,-2552
ISNE,"1/26/2022 2 p.m. EST",13987,13980,11107,-2880
ISNE,"1/26/2022 3 p.m. EST",14537,14670,11497,-3040
ISNE,"1/26/2022 4 p.m. EST",15745,16180,12517,-3228
ISNE,"1/26/2022 5 p.m. EST",17246,17870,14017,-3229
ISNE,"1/26/2022 6 p.m. EST",18563,19020,15903,-2660
ISNE,"1/26/2022 7 p.m. EST",18666,19010,16013,-2653
ISNE,"1/26/2022 8 p.m. EST",18305,18440,15934,-2371
ISNE,"1/26/2022 9 p.m. EST",17773,17800,15174,-2599
ISNE,"1/26/2022 10 p.m. EST",16938,16790,14243,-2695
ISNE,"1/26/2022 11 p.m. EST",15901,15800,13075,-2826
ISNE,"1/27/2022 12 a.m. EST",15033,14900,12179,-2854
ISNE,"1/27/2022 1 a.m. EST",14497,14490,11740,-2757
ISNE,"1/27/2022 2 a.m. EST",14272,14260,11600,-2672
ISNE,"1/27/2022 3 a.m. EST",14193,14210,11748,-2445
ISNE,"1/27/2022 4 a.m. EST",14306,14320,11780,-2526
ISNE,"1/27/2022 5 a.m. EST",14703,14720,12072,-2631
ISNE,"1/27/2022 6 a.m. EST",15693,15720,13261,-2432
ISNE,"1/27/2022 7 a.m. EST",17250,17300,14953,-2297
ISNE,"1/27/2022 8 a.m. EST",18214,18230,16591,-1623
ISNE,"1/27/2022 9 a.m. EST",17699,17670,15415,-2284
ISNE,"1/27/2022 10 a.m. EST",16534,16880,14341,-2193
ISNE,"1/27/2022 11 a.m. EST",15615,16150,13264,-2351
ISNE,"1/27/2022 12 p.m. EST",15242,15630,12730,-2512
ISNE,"1/27/2022 1 p.m. EST",15057,15380,12415,-2642
ISNE,"1/27/2022 2 p.m. EST",14992,15270,12301,-2691
ISNE,"1/27/2022 3 p.m. EST",15356,15480,12376,-2980
ISNE,"1/27/2022 4 p.m. EST",16242,16300,13015,-3227
ISNE,"1/27/2022 5 p.m. EST",17335,17430,13876,-3459
ISNE,"1/27/2022 6 p.m. EST",18525,18420,15016,-3509
ISNE,"1/27/2022 7 p.m. EST",18556,18400,14889,-3667
ISNE,"1/27/2022 8 p.m. EST",18109,17960,14415,-3694
ISNE,"1/27/2022 9 p.m. EST",17466,17260,13761,-3705
ISNE,"1/27/2022 10 p.m. EST",16575,16290,12806,-3769
ISNE,"1/27/2022 11 p.m. EST",15408,15110,11746,-3662
ISNE,"1/28/2022 12 a.m. EST",14566,14110,11002,-3564
ISNE,"1/28/2022 1 a.m. EST",13740,13620,10403,-3337
ISNE,"1/28/2022 2 a.m. EST",13235,13230,9642,-3593
ISNE,"1/28/2022 3 a.m. EST",13332,13000,9645,-3687
ISNE,"1/28/2022 4 a.m. EST",13277,12950,9698,-3579
ISNE,"1/28/2022 5 a.m. EST",13250,13250,9909,-3341
ISNE,"1/28/2022 6 a.m. EST",14028,14060,10628,-3400
ISNE,"1/28/2022 7 a.m. EST",15449,15500,12153,-3296
ISNE,"1/28/2022 8 a.m. EST",16434,16450,12978,-3456
ISNE,"1/28/2022 9 a.m. EST",16602,16610,13134,-3468
ISNE,"1/28/2022 10 a.m. EST",16429,16380,12992,-3437
ISNE,"1/28/2022 11 a.m. EST",16035,15900,12866,-3169
ISNE,"1/28/2022 12 p.m. EST",15694,15530,12492,-3202
ISNE,"1/28/2022 1 p.m. EST",15630,15280,12447,-3183
ISNE,"1/28/2022 2 p.m. EST",15597,15180,12616,-2981
ISNE,"1/28/2022 3 p.m. EST",15553,15240,12501,-3052
ISNE,"1/28/2022 4 p.m. EST",16027,15670,12734,-3293
ISNE,"1/28/2022 5 p.m. EST",16482,16400,13210,-3272
ISNE,"1/28/2022 6 p.m. EST",17355,17500,13866,-3489
ISNE,"1/28/2022 7 p.m. EST",17248,17240,13552,-3696
ISNE,"1/28/2022 8 p.m. EST",16799,16750,13203,-3596
ISNE,"1/28/2022 9 p.m. EST",16233,16160,12745,-3488
ISNE,"1/28/2022 10 p.m. EST",15482,15450,12342,-3140
ISNE,"1/28/2022 11 p.m. EST",14574,14580,11084,-3490
ISNE,"1/29/2022 12 a.m. EST",13731,13770,10679,-3052
ISNE,"1/29/2022 1 a.m. EST",13528,13070,10614,-2914
ISNE,"1/29/2022 2 a.m. EST",13670,12710,10834,-2836
ISNE,"1/29/2022 3 a.m. EST",13631,12530,10903,-2728
ISNE,"1/29/2022 4 a.m. EST",13614,12520,10951,-2663
ISNE,"1/29/2022 5 a.m. EST",13766,12680,11041,-2725
ISNE,"1/29/2022 6 a.m. EST",14165,13080,11083,-3082
ISNE,"1/29/2022 7 a.m. EST",14750,13680,11563,-3187
ISNE,"1/29/2022 8 a.m. EST",14933,14410,12026,-2907
ISNE,"1/29/2022 9 a.m. EST",15589,15290,12720,-2869
ISNE,"1/29/2022 10 a.m. EST",16166,16200,13660,-2506
ISNE,"1/29/2022 11 a.m. EST",16837,16700,15013,-1824
ISNE,"1/29/2022 12 p.m. EST",17304,16970,14839,-2465
ISNE,"1/29/2022 1 p.m. EST",17538,17110,15077,-2461
ISNE,"1/29/2022 2 p.m. EST",17483,17370,14752,-2731
ISNE,"1/29/2022 3 p.m. EST",17314,17560,14261,-3053
ISNE,"1/29/2022 4 p.m. EST",17262,18050,14085,-3177
ISNE,"1/29/2022 5 p.m. EST",17626,18620,14511,-3115
ISNE,"1/29/2022 6 p.m. EST",18351,19500,15456,-2895
ISNE,"1/29/2022 7 p.m. EST",18298,19230,15466,-2832
ISNE,"1/29/2022 8 p.m. EST",17724,18610,14641,-3083
ISNE,"1/29/2022 9 p.m. EST",17087,16980,14077,-3010
ISNE,"1/29/2022 10 p.m. EST",16381,16270,13574,-2807
ISNE,"1/29/2022 11 p.m. EST",15607,15450,12672,-2935
ISNE,"1/30/2022 12 a.m. EST",14872,14670,12295,-2577
ISNE,"1/30/2022 1 a.m. EST",14348,14290,11788,-2560
ISNE,"1/30/2022 2 a.m. EST",14299,13970,11772,-2527
ISNE,"1/30/2022 3 a.m. EST",14143,13820,11759,-2384
ISNE,"1/30/2022 4 a.m. EST",14085,13760,11798,-2287
ISNE,"1/30/2022 5 a.m. EST",14190,13880,11833,-2357
ISNE,"1/30/2022 6 a.m. EST",14517,14210,12018,-2499
ISNE,"1/30/2022 7 a.m. EST",14756,14750,12472,-2284
ISNE,"1/30/2022 8 a.m. EST",15324,15330,12757,-2567
ISNE,"1/30/2022 9 a.m. EST",15643,15650,13093,-2550
ISNE,"1/30/2022 10 a.m. EST",15637,15650,12752,-2885
ISNE,"1/30/2022 11 a.m. EST",15489,15670,12552,-2937
ISNE,"1/30/2022 12 p.m. EST",15339,15650,12367,-2972
ISNE,"1/30/2022 1 p.m. EST",15226,15650,12170,-3056
ISNE,"1/30/2022 2 p.m. EST",15092,15750,12040,-3052
ISNE,"1/30/2022 3 p.m. EST",15219,15750,12352,-2867
ISNE,"1/30/2022 4 p.m. EST",15805,15900,12909,-2896
ISNE,"1/30/2022 5 p.m. EST",16900,16770,13390,-3510
ISNE,"1/30/2022 6 p.m. EST",18157,17940,14648,-3509
ISNE,"1/30/2022 7 p.m. EST",18294,18250,14847,-3447
ISNE,"1/30/2022 8 p.m. EST",17934,17570,14495,-3439
ISNE,"1/30/2022 9 p.m. EST",17303,16880,13738,-3565
ISNE,"1/30/2022 10 p.m. EST",16507,16080,12776,-3731
ISNE,"1/30/2022 11 p.m. EST",15532,15120,12186,-3346
ISNE,"1/31/2022 12 a.m. EST",14806,14290,11530,-3276
ISNE,"1/31/2022 1 a.m. EST",14369,14080,11667,-2702
ISNE,"1/31/2022 2 a.m. EST",13894,13740,11270,-2624
ISNE,"1/31/2022 3 a.m. EST",13836,13700,11175,-2661
ISNE,"1/31/2022 4 a.m. EST",13992,13810,11505,-2487
ISNE,"1/31/2022 5 a.m. EST",14430,14240,12078,-2352
ISNE,"1/31/2022 6 a.m. EST",15384,15210,12713,-2671
ISNE,"1/31/2022 7 a.m. EST",16932,16790,14537,-2395
ISNE,"1/31/2022 8 a.m. EST",17982,17560,15701,-2281
ISNE,"1/31/2022 9 a.m. EST",17900,17280,15618,-2282
ISNE,"1/31/2022 10 a.m. EST",17263,17140,14851,-2412
ISNE,"1/31/2022 11 a.m. EST",16630,16480,14046,-2584
ISNE,"1/31/2022 12 p.m. EST",16105,15820,13145,-2960
ISNE,"1/31/2022 1 p.m. EST",15737,15500,12522,-3215
ISNE,"1/31/2022 2 p.m. EST",15728,15350,12481,-3247
ISNE,"1/31/2022 3 p.m. EST",15666,15410,12429,-3237
ISNE,"1/31/2022 4 p.m. EST",16059,15920,12870,-3189
ISNE,"1/31/2022 5 p.m. EST",16983,16940,14125,-2858
ISNE,"1/31/2022 6 p.m. EST",18288,18590,15516,-2772
ISNE,"1/31/2022 7 p.m. EST",18453,18600,15577,-2876
ISNE,"1/31/2022 8 p.m. EST",18034,18000,15264,-2770
ISNE,"1/31/2022 9 p.m. EST",17431,17350,14561,-2870
ISNE,"1/31/2022 10 p.m. EST",16589,16410,13492,-3097
ISNE,"1/31/2022 11 p.m. EST",15510,15310,12497,-3013
ISNE,"2/1/2022 12 a.m. EST",14659,14390,11651,-3008
