"BA Code","Timestamp (Hour Ending)","Demand (MWh)","Demand Forecast (MWh)","Net Generation (MWh)","Total Interchange (MWh)"
ISNE,"1/1/2023 12 a.m. EST",10922,10910,9004,-1918
ISNE,"1/1/2023 1 a.m. EST",10353,10360,8421,-1932
ISNE,"1/1/2023 2 a.m. EST",9922,9900,8097,-1825
ISNE,"1/1/2023 3 a.m. EST",10145,9570,8027,-2118
ISNE,"1/1/2023 4 a.m. EST",10230,9380,7785,-2445
ISNE,"1/1/2023 5 a.m. EST",10194,9360,7823,-2371
ISNE,"1/1/2023 6 a.m. EST",10364,9530,8045,-2319
ISNE,"1/1/2023 7 a.m. EST",10770,9940,8618,-2152
ISNE,"1/1/2023 8 a.m. EST",10816,10250,8869,-1947
ISNE,"1/1/2023 9 a.m. EST",10829,10300,8828,-2001
ISNE,"1/1/2023 10 a.m. EST",10781,10080,8953,-1828
ISNE,"1/1/2023 11 a.m. EST",10685,10100,9189,-1496
ISNE,"1/1/2023 12 p.m. EST",10623,10200,9504,-1119
ISNE,"1/1/2023 1 p.m. EST",10799,10500,9792,-1007
ISNE,"1/1/2023 2 p.m. EST",10626,10770,9413,-1213
ISNE,"1/1/2023 3 p.m. EST",11100,11330,9739,-1361
ISNE,"1/1/2023 4 p.m. EST",11980,12320,10299,-1681
ISNE,"1/1/2023 5 p.m. EST",13176,13580,10724,-2452
ISNE,"1/1/2023 6 p.m. EST",14025,14610,11319,-2706
ISNE,"1/1/2023 7 p.m. EST",13869,14520,10915,-2954
ISNE,"1/1/2023 8 p.m. EST",13522,14110,10614,-2908
ISNE,"1/1/2023 9 p.m. EST",13065,13460,10493,-2572
ISNE,"1/1/2023 10 p.m. EST",12463,12740,10009,-2454
ISNE,"1/1/2023 11 p.m. EST",11715,11870,9453,-2262
ISNE,"1/2/2023 12 a.m. EST",11096,11090,8705,-2391
ISNE,"1/2/2023 1 a.m. EST",10729,10470,8116,-2613
ISNE,"1/2/2023 2 a.m. EST",10435,10180,7830,-2605
ISNE,"1/2/2023 3 a.m. EST",10641,10060,7970,-2671
ISNE,"1/2/2023 4 a.m. EST",10671,10090,8026,-2645
ISNE,"1/2/2023 5 a.m. EST",10651,10340,8301,-2350
ISNE,"1/2/2023 6 a.m. EST",10842,10860,8479,-2363
ISNE,"1/2/2023 7 a.m. EST",11563,11590,9259,-2304
ISNE,"1/2/2023 8 a.m. EST",12169,12180,9759,-2410
ISNE,"1/2/2023 9 a.m. EST",12553,12570,9712,-2841
ISNE,"1/2/2023 10 a.m. EST",12789,12800,9998,-2791
ISNE,"1/2/2023 11 a.m. EST",12866,12800,10012,-2854
ISNE,"1/2/2023 12 p.m. EST",12847,12650,9940,-2907
ISNE,"1/2/2023 1 p.m. EST",13001,12630,10140,-2861
ISNE,"1/2/2023 2 p.m. EST",12903,12810,10321,-2582
ISNE,"1/2/2023 3 p.m. EST",13016,13200,10305,-2711
ISNE,"1/2/2023 4 p.m. EST",13472,13830,10852,-2620
ISNE,"1/2/2023 5 p.m. EST",14597,14740,12056,-2541
ISNE,"1/2/2023 6 p.m. EST",15539,15750,12919,-2620
ISNE,"1/2/2023 7 p.m. EST",15346,15410,12591,-2755
ISNE,"1/2/2023 8 p.m. EST",14861,14860,12010,-2851
ISNE,"1/2/2023 9 p.m. EST",14265,13950,11332,-2933
ISNE,"1/2/2023 10 p.m. EST",13445,13160,10534,-2911
ISNE,"1/2/2023 11 p.m. EST",12480,12240,9605,-2875
ISNE,"1/3/2023 12 a.m. EST",11869,11370,8865,-3004
ISNE,"1/3/2023 1 a.m. EST",11614,11050,8468,-3146
ISNE,"1/3/2023 2 a.m. EST",11556,10770,8355,-3201
ISNE,"1/3/2023 3 a.m. EST",11642,10620,8395,-3247
ISNE,"1/3/2023 4 a.m. EST",11715,10640,8439,-3276
ISNE,"1/3/2023 5 a.m. EST",11895,11020,8700,-3195
ISNE,"1/3/2023 6 a.m. EST",12274,11800,9117,-3157
ISNE,"1/3/2023 7 a.m. EST",13515,13030,10309,-3206
ISNE,"1/3/2023 8 a.m. EST",14337,14190,11304,-3033
ISNE,"1/3/2023 9 a.m. EST",14646,14630,11650,-2996
ISNE,"1/3/2023 10 a.m. EST",14855,14750,11901,-2954
ISNE,"1/3/2023 11 a.m. EST",15053,14850,12188,-2865
ISNE,"1/3/2023 12 p.m. EST",15189,14890,12074,-3115
ISNE,"1/3/2023 1 p.m. EST",15242,14870,12105,-3137
ISNE,"1/3/2023 2 p.m. EST",15171,14860,11973,-3198
ISNE,"1/3/2023 3 p.m. EST",15040,14780,11854,-3186
ISNE,"1/3/2023 4 p.m. EST",15081,14960,12143,-2938
ISNE,"1/3/2023 5 p.m. EST",15684,15560,12876,-2808
ISNE,"1/3/2023 6 p.m. EST",16168,16250,13334,-2834
ISNE,"1/3/2023 7 p.m. EST",15867,15760,13020,-2847
ISNE,"1/3/2023 8 p.m. EST",15401,15100,12554,-2847
ISNE,"1/3/2023 9 p.m. EST",14847,14270,11837,-3010
ISNE,"1/3/2023 10 p.m. EST",13928,13380,10960,-2968
ISNE,"1/3/2023 11 p.m. EST",12823,12290,9630,-3193
ISNE,"1/4/2023 12 a.m. EST",11886,11360,8706,-3180
ISNE,"1/4/2023 1 a.m. EST",11803,10940,8489,-3314
ISNE,"1/4/2023 2 a.m. EST",11740,10570,8411,-3329
ISNE,"1/4/2023 3 a.m. EST",11743,10410,8330,-3413
ISNE,"1/4/2023 4 a.m. EST",11732,10400,8332,-3400
ISNE,"1/4/2023 5 a.m. EST",11990,10700,8670,-3320
ISNE,"1/4/2023 6 a.m. EST",12149,11540,9104,-3045
ISNE,"1/4/2023 7 a.m. EST",12896,12910,10246,-2650
ISNE,"1/4/2023 8 a.m. EST",13849,13880,11114,-2735
ISNE,"1/4/2023 9 a.m. EST",14086,14100,11241,-2845
ISNE,"1/4/2023 10 a.m. EST",14073,14070,11180,-2893
ISNE,"1/4/2023 11 a.m. EST",13945,13890,11133,-2812
ISNE,"1/4/2023 12 p.m. EST",13800,13840,11052,-2748
ISNE,"1/4/2023 1 p.m. EST",13784,13820,11055,-2729
ISNE,"1/4/2023 2 p.m. EST",13773,13870,11177,-2596
ISNE,"1/4/2023 3 p.m. EST",13903,13900,11184,-2719
ISNE,"1/4/2023 4 p.m. EST",14202,14220,11398,-2804
ISNE,"1/4/2023 5 p.m. EST",14984,15040,12310,-2674
ISNE,"1/4/2023 6 p.m. EST",15601,16000,12839,-2762
ISNE,"1/4/2023 7 p.m. EST",15423,15630,12579,-2844
ISNE,"1/4/2023 8 p.m. EST",14924,15060,11967,-2957
ISNE,"1/4/2023 9 p.m. EST",14400,14330,11451,-2949
ISNE,"1/4/2023 10 p.m. EST",14167,13450,11261,-2906
ISNE,"1/4/2023 11 p.m. EST",12914,12380,9887,-3027
ISNE,"1/5/2023 12 a.m. EST",11928,11440,9067,-2861
ISNE,"1/5/2023 1 a.m. EST",10894,10950,8907,-1987
ISNE,"1/5/2023 2 a.m. EST",10918,10570,8937,-1981
ISNE,"1/5/2023 3 a.m. EST",10760,10370,8606,-2154
ISNE,"1/5/2023 4 a.m. EST",10515,10360,8479,-2036
ISNE,"1/5/2023 5 a.m. EST",10805,10710,9065,-1740
ISNE,"1/5/2023 6 a.m. EST",11360,11560,9895,-1465
ISNE,"1/5/2023 7 a.m. EST",12755,13000,10370,-2385
ISNE,"1/5/2023 8 a.m. EST",13843,13900,11201,-2642
ISNE,"1/5/2023 9 a.m. EST",14247,14250,11532,-2715
ISNE,"1/5/2023 10 a.m. EST",14369,14380,11780,-2589
ISNE,"1/5/2023 11 a.m. EST",14484,14420,11918,-2566
ISNE,"1/5/2023 12 p.m. EST",14541,14480,11938,-2603
ISNE,"1/5/2023 1 p.m. EST",14494,14440,11927,-2567
ISNE,"1/5/2023 2 p.m. EST",14437,14410,11830,-2607
ISNE,"1/5/2023 3 p.m. EST",14496,14540,11959,-2537
ISNE,"1/5/2023 4 p.m. EST",14763,14800,12429,-2334
ISNE,"1/5/2023 5 p.m. EST",15466,15660,13423,-2043
ISNE,"1/5/2023 6 p.m. EST",16083,16400,13912,-2171
ISNE,"1/5/2023 7 p.m. EST",15877,16080,13526,-2351
ISNE,"1/5/2023 8 p.m. EST",15376,15550,13230,-2146
ISNE,"1/5/2023 9 p.m. EST",14797,14820,12318,-2479
ISNE,"1/5/2023 10 p.m. EST",14201,13930,11618,-2583
ISNE,"1/5/2023 11 p.m. EST",12957,12870,10381,-2576
ISNE,"1/6/2023 12 a.m. EST",11986,11960,9298,-2688
ISNE,"1/6/2023 1 a.m. EST",11679,11300,9508,-2171
ISNE,"1/6/2023 2 a.m. EST",11508,10930,9359,-2149
ISNE,"1/6/2023 3 a.m. EST",11221,10740,9392,-1829
ISNE,"1/6/2023 4 a.m. EST",11542,10730,9350,-2192
ISNE,"1/6/2023 5 a.m. EST",11901,11050,9791,-2110
ISNE,"1/6/2023 6 a.m. EST",12698,11880,10336,-2362
ISNE,"1/6/2023 7 a.m. EST",13592,13200,11527,-2065
ISNE,"1/6/2023 8 a.m. EST",14640,14290,12571,-2069
ISNE,"1/6/2023 9 a.m. EST",15063,14760,12864,-2199
ISNE,"1/6/2023 10 a.m. EST",15032,14960,12604,-2428
ISNE,"1/6/2023 11 a.m. EST",15183,14980,12750,-2433
ISNE,"1/6/2023 12 p.m. EST",15271,14980,12886,-2385
ISNE,"1/6/2023 1 p.m. EST",15235,14910,12843,-2392
ISNE,"1/6/2023 2 p.m. EST",15216,14840,12880,-2336
ISNE,"1/6/2023 3 p.m. EST",15128,14810,12834,-2294
ISNE,"1/6/2023 4 p.m. EST",15188,14860,12923,-2265
ISNE,"1/6/2023 5 p.m. EST",15765,15510,13521,-2244
ISNE,"1/6/2023 6 p.m. EST",16265,16200,13814,-2451
ISNE,"1/6/2023 7 p.m. EST",15895,15850,13584,-2311
ISNE,"1/6/2023 8 p.m. EST",15344,15260,13123,-2221
ISNE,"1/6/2023 9 p.m. EST",14762,14630,12537,-2225
ISNE,"1/6/2023 10 p.m. EST",14052,13900,11726,-2326
ISNE,"1/6/2023 11 p.m. EST",13159,13030,10792,-2367
ISNE,"1/7/2023 12 a.m. EST",12297,12150,10135,-2162
ISNE,"1/7/2023 1 a.m. EST",11939,11640,9397,-2542
ISNE,"1/7/2023 2 a.m. EST",11510,11200,8878,-2632
ISNE,"1/7/2023 3 a.m. EST",11276,10980,8605,-2671
ISNE,"1/7/2023 4 a.m. EST",11197,10920,8834,-2363
ISNE,"1/7/2023 5 a.m. EST",11316,11050,8832,-2484
ISNE,"1/7/2023 6 a.m. EST",11580,11410,9378,-2202
ISNE,"1/7/2023 7 a.m. EST",12072,12020,9591,-2481
ISNE,"1/7/2023 8 a.m. EST",12838,12710,10659,-2179
ISNE,"1/7/2023 9 a.m. EST",13208,13200,10871,-2337
ISNE,"1/7/2023 10 a.m. EST",13439,13350,10708,-2731
ISNE,"1/7/2023 11 a.m. EST",13340,13100,10628,-2712
ISNE,"1/7/2023 12 p.m. EST",12925,12830,10302,-2623
ISNE,"1/7/2023 1 p.m. EST",12596,12840,9929,-2667
ISNE,"1/7/2023 2 p.m. EST",12733,13050,10091,-2642
ISNE,"1/7/2023 3 p.m. EST",13170,13340,10668,-2502
ISNE,"1/7/2023 4 p.m. EST",13649,13810,11194,-2455
ISNE,"1/7/2023 5 p.m. EST",14504,14800,11976,-2528
ISNE,"1/7/2023 6 p.m. EST",15153,15550,12788,-2365
ISNE,"1/7/2023 7 p.m. EST",14992,15350,12494,-2498
ISNE,"1/7/2023 8 p.m. EST",14615,14900,11925,-2690
ISNE,"1/7/2023 9 p.m. EST",14190,14410,11472,-2718
ISNE,"1/7/2023 10 p.m. EST",13670,13860,11062,-2608
ISNE,"1/7/2023 11 p.m. EST",13002,13130,10059,-2943
ISNE,"1/8/2023 12 a.m. EST",12380,12430,9466,-2914
ISNE,"1/8/2023 1 a.m. EST",12141,11870,9377,-2764
ISNE,"1/8/2023 2 a.m. EST",12105,11560,9099,-3006
ISNE,"1/8/2023 3 a.m. EST",11987,11410,8861,-3126
ISNE,"1/8/2023 4 a.m. EST",12248,11400,9120,-3128
ISNE,"1/8/2023 5 a.m. EST",12141,11530,9208,-2933
ISNE,"1/8/2023 6 a.m. EST",12407,11860,9384,-3023
ISNE,"1/8/2023 7 a.m. EST",12454,12390,9756,-2698
ISNE,"1/8/2023 8 a.m. EST",13079,13030,10454,-2625
ISNE,"1/8/2023 9 a.m. EST",12945,12970,10074,-2871
ISNE,"1/8/2023 10 a.m. EST",12514,12360,9983,-2531
ISNE,"1/8/2023 11 a.m. EST",11963,11910,9729,-2234
ISNE,"1/8/2023 12 p.m. EST",11776,11630,9749,-2027
ISNE,"1/8/2023 1 p.m. EST",11707,11620,9949,-1758
ISNE,"1/8/2023 2 p.m. EST",12000,11810,10358,-1642
ISNE,"1/8/2023 3 p.m. EST",12616,12490,10633,-1983
ISNE,"1/8/2023 4 p.m. EST",13785,13470,11451,-2334
ISNE,"1/8/2023 5 p.m. EST",15199,14940,12835,-2364
ISNE,"1/8/2023 6 p.m. EST",16174,16060,13795,-2379
ISNE,"1/8/2023 7 p.m. EST",16095,15990,13373,-2722
ISNE,"1/8/2023 8 p.m. EST",15709,15570,12852,-2857
ISNE,"1/8/2023 9 p.m. EST",15178,14910,12526,-2652
ISNE,"1/8/2023 10 p.m. EST",14377,14200,11573,-2804
ISNE,"1/8/2023 11 p.m. EST",13431,13290,10516,-2915
ISNE,"1/9/2023 12 a.m. EST",12607,12480,9674,-2933
ISNE,"1/9/2023 1 a.m. EST",12268,11920,9044,-3224
ISNE,"1/9/2023 2 a.m. EST",12534,11560,9263,-3271
ISNE,"1/9/2023 3 a.m. EST",12443,11470,9332,-3111
ISNE,"1/9/2023 4 a.m. EST",12217,11540,9197,-3020
ISNE,"1/9/2023 5 a.m. EST",12538,11880,9367,-3171
ISNE,"1/9/2023 6 a.m. EST",12812,12710,9790,-3022
ISNE,"1/9/2023 7 a.m. EST",14268,14110,11316,-2952
ISNE,"1/9/2023 8 a.m. EST",15276,15160,12263,-3013
ISNE,"1/9/2023 9 a.m. EST",15342,15460,12429,-2913
ISNE,"1/9/2023 10 a.m. EST",14871,15150,12117,-2754
ISNE,"1/9/2023 11 a.m. EST",14225,14450,11702,-2523
ISNE,"1/9/2023 12 p.m. EST",13705,14040,11323,-2382
ISNE,"1/9/2023 1 p.m. EST",13547,13740,11031,-2516
ISNE,"1/9/2023 2 p.m. EST",13193,13690,10490,-2703
ISNE,"1/9/2023 3 p.m. EST",13590,13900,10976,-2614
ISNE,"1/9/2023 4 p.m. EST",14338,14540,11730,-2608
ISNE,"1/9/2023 5 p.m. EST",15613,15720,12871,-2742
ISNE,"1/9/2023 6 p.m. EST",16609,16810,14261,-2348
ISNE,"1/9/2023 7 p.m. EST",16534,16680,13881,-2653
ISNE,"1/9/2023 8 p.m. EST",16128,16210,13500,-2628
ISNE,"1/9/2023 9 p.m. EST",15617,15480,13002,-2615
ISNE,"1/9/2023 10 p.m. EST",14721,14600,11943,-2778
ISNE,"1/9/2023 11 p.m. EST",13551,13560,10842,-2709
ISNE,"1/10/2023 12 a.m. EST",12737,12680,9858,-2879
ISNE,"1/10/2023 1 a.m. EST",12621,12120,9777,-2844
ISNE,"1/10/2023 2 a.m. EST",11967,11700,9245,-2722
ISNE,"1/10/2023 3 a.m. EST",12057,11580,9635,-2422
ISNE,"1/10/2023 4 a.m. EST",12026,11410,9525,-2501
ISNE,"1/10/2023 5 a.m. EST",12305,11710,9886,-2419
ISNE,"1/10/2023 6 a.m. EST",12859,12560,10209,-2650
ISNE,"1/10/2023 7 a.m. EST",14022,14100,11086,-2936
ISNE,"1/10/2023 8 a.m. EST",14998,15200,12196,-2802
ISNE,"1/10/2023 9 a.m. EST",15049,14950,11958,-3091
ISNE,"1/10/2023 10 a.m. EST",14588,14250,11953,-2635
ISNE,"1/10/2023 11 a.m. EST",13900,13780,11381,-2519
ISNE,"1/10/2023 12 p.m. EST",13543,13550,11237,-2306
ISNE,"1/10/2023 1 p.m. EST",13069,13440,10916,-2153
ISNE,"1/10/2023 2 p.m. EST",13195,13570,11103,-2092
ISNE,"1/10/2023 3 p.m. EST",13546,13990,11185,-2361
ISNE,"1/10/2023 4 p.m. EST",14443,14830,11751,-2692
ISNE,"1/10/2023 5 p.m. EST",15595,15950,12804,-2791
ISNE,"1/10/2023 6 p.m. EST",16623,16990,13632,-2991
ISNE,"1/10/2023 7 p.m. EST",16539,16830,13392,-3147
ISNE,"1/10/2023 8 p.m. EST",16156,16340,13063,-3093
ISNE,"1/10/2023 9 p.m. EST",15584,15740,12436,-3148
ISNE,"1/10/2023 10 p.m. EST",14745,14920,11903,-2842
ISNE,"1/10/2023 11 p.m. EST",13722,13860,10914,-2808
ISNE,"1/11/2023 12 a.m. EST",12875,13000,10061,-2814
ISNE,"1/11/2023 1 a.m. EST",12803,12340,9730,-3073
ISNE,"1/11/2023 2 a.m. EST",12599,12020,9500,-3099
ISNE,"1/11/2023 3 a.m. EST",12496,11930,9434,-3062
ISNE,"1/11/2023 4 a.m. EST",12574,12010,9575,-2999
ISNE,"1/11/2023 5 a.m. EST",12990,12440,10158,-2832
ISNE,"1/11/2023 6 a.m. EST",13688,13430,10774,-2914
ISNE,"1/11/2023 7 a.m. EST",14922,14990,11968,-2954
ISNE,"1/11/2023 8 a.m. EST",15872,15910,12899,-2973
ISNE,"1/11/2023 9 a.m. EST",15503,15500,12667,-2836
ISNE,"1/11/2023 10 a.m. EST",14292,14480,11515,-2777
ISNE,"1/11/2023 11 a.m. EST",13581,13900,11009,-2572
ISNE,"1/11/2023 12 p.m. EST",13252,12660,10631,-2621
ISNE,"1/11/2023 1 p.m. EST",13152,12710,10503,-2649
ISNE,"1/11/2023 2 p.m. EST",13678,13150,10856,-2822
ISNE,"1/11/2023 3 p.m. EST",14335,13760,11454,-2881
ISNE,"1/11/2023 4 p.m. EST",15060,14820,12169,-2891
ISNE,"1/11/2023 5 p.m. EST",16169,16240,13383,-2786
ISNE,"1/11/2023 6 p.m. EST",16935,17150,14190,-2745
ISNE,"1/11/2023 7 p.m. EST",16781,17000,13862,-2919
ISNE,"1/11/2023 8 p.m. EST",16464,16640,13703,-2761
ISNE,"1/11/2023 9 p.m. EST",15837,15940,13189,-2648
ISNE,"1/11/2023 10 p.m. EST",14960,15050,12311,-2649
ISNE,"1/11/2023 11 p.m. EST",13885,13920,11100,-2785
ISNE,"1/12/2023 12 a.m. EST",12904,12980,10130,-2774
ISNE,"1/12/2023 1 a.m. EST",12503,12290,10047,-2456
ISNE,"1/12/2023 2 a.m. EST",12490,11900,9958,-2532
ISNE,"1/12/2023 3 a.m. EST",12304,11720,9674,-2630
ISNE,"1/12/2023 4 a.m. EST",12314,11740,9618,-2696
ISNE,"1/12/2023 5 a.m. EST",12622,12070,10010,-2612
ISNE,"1/12/2023 6 a.m. EST",12937,12950,10366,-2571
ISNE,"1/12/2023 7 a.m. EST",14335,14400,11800,-2535
ISNE,"1/12/2023 8 a.m. EST",15385,15420,12849,-2536
ISNE,"1/12/2023 9 a.m. EST",15729,15760,13168,-2561
ISNE,"1/12/2023 10 a.m. EST",15885,15900,13542,-2343
ISNE,"1/12/2023 11 a.m. EST",16033,15860,13835,-2198
ISNE,"1/12/2023 12 p.m. EST",16064,15890,13810,-2254
ISNE,"1/12/2023 1 p.m. EST",16058,15910,13759,-2299
ISNE,"1/12/2023 2 p.m. EST",15973,15820,13690,-2283
ISNE,"1/12/2023 3 p.m. EST",15838,15770,13605,-2233
ISNE,"1/12/2023 4 p.m. EST",15864,15790,13620,-2244
ISNE,"1/12/2023 5 p.m. EST",16342,16090,14134,-2208
ISNE,"1/12/2023 6 p.m. EST",16677,16720,14317,-2360
ISNE,"1/12/2023 7 p.m. EST",16335,16410,13987,-2348
ISNE,"1/12/2023 8 p.m. EST",15761,15750,13446,-2315
ISNE,"1/12/2023 9 p.m. EST",15047,15020,12812,-2235
ISNE,"1/12/2023 10 p.m. EST",14083,14080,12052,-2031
ISNE,"1/12/2023 11 p.m. EST",12964,12950,10731,-2233
ISNE,"1/13/2023 12 a.m. EST",12280,11980,10175,-2105
ISNE,"1/13/2023 1 a.m. EST",12094,11210,9757,-2337
ISNE,"1/13/2023 2 a.m. EST",12007,10730,9442,-2565
ISNE,"1/13/2023 3 a.m. EST",11864,10490,9243,-2621
ISNE,"1/13/2023 4 a.m. EST",11769,10420,9006,-2763
ISNE,"1/13/2023 5 a.m. EST",11959,10650,9360,-2599
ISNE,"1/13/2023 6 a.m. EST",12571,11450,9837,-2734
ISNE,"1/13/2023 7 a.m. EST",13097,12720,10279,-2818
ISNE,"1/13/2023 8 a.m. EST",13666,13640,10865,-2801
ISNE,"1/13/2023 9 a.m. EST",14091,14150,11186,-2905
ISNE,"1/13/2023 10 a.m. EST",14292,14330,11258,-3034
ISNE,"1/13/2023 11 a.m. EST",14351,14320,11260,-3091
ISNE,"1/13/2023 12 p.m. EST",14393,14280,11358,-3035
ISNE,"1/13/2023 1 p.m. EST",14362,14120,11464,-2898
ISNE,"1/13/2023 2 p.m. EST",14309,14050,11611,-2698
ISNE,"1/13/2023 3 p.m. EST",14198,14100,11648,-2550
ISNE,"1/13/2023 4 p.m. EST",14333,14250,11895,-2438
ISNE,"1/13/2023 5 p.m. EST",14619,14820,12285,-2334
ISNE,"1/13/2023 6 p.m. EST",15014,15450,12915,-2099
ISNE,"1/13/2023 7 p.m. EST",14751,15160,12515,-2236
ISNE,"1/13/2023 8 p.m. EST",14277,14650,12014,-2263
ISNE,"1/13/2023 9 p.m. EST",13817,14060,11359,-2458
ISNE,"1/13/2023 10 p.m. EST",13209,13380,10960,-2249
ISNE,"1/13/2023 11 p.m. EST",12636,12590,10228,-2408
ISNE,"1/14/2023 12 a.m. EST",12005,11800,9580,-2425
ISNE,"1/14/2023 1 a.m. EST",11505,11370,9022,-2483
ISNE,"1/14/2023 2 a.m. EST",11391,11050,8893,-2498
ISNE,"1/14/2023 3 a.m. EST",11548,10840,9002,-2546
ISNE,"1/14/2023 4 a.m. EST",11586,10790,8811,-2775
ISNE,"1/14/2023 5 a.m. EST",11532,10960,8828,-2704
ISNE,"1/14/2023 6 a.m. EST",11557,11350,9076,-2481
ISNE,"1/14/2023 7 a.m. EST",12210,12040,9849,-2361
ISNE,"1/14/2023 8 a.m. EST",12807,12690,10231,-2576
ISNE,"1/14/2023 9 a.m. EST",13487,13300,10785,-2702
ISNE,"1/14/2023 10 a.m. EST",14059,14180,11301,-2758
ISNE,"1/14/2023 11 a.m. EST",14348,14230,11708,-2640
ISNE,"1/14/2023 12 p.m. EST",14428,14280,11800,-2628
ISNE,"1/14/2023 1 p.m. EST",14410,14220,11446,-2964
ISNE,"1/14/2023 2 p.m. EST",14406,14170,11493,-2913
ISNE,"1/14/2023 3 p.m. EST",14439,14200,11685,-2754
ISNE,"1/14/2023 4 p.m. EST",14633,14510,12053,-2580
ISNE,"1/14/2023 5 p.m. EST",15217,15300,12831,-2386
ISNE,"1/14/2023 6 p.m. EST",15777,16000,13184,-2593
ISNE,"1/14/2023 7 p.m. EST",15591,15760,13011,-2580
ISNE,"1/14/2023 8 p.m. EST",15121,15320,12589,-2532
ISNE,"1/14/2023 9 p.m. EST",14649,14720,12238,-2411
ISNE,"1/14/2023 10 p.m. EST",14042,14090,11732,-2310
ISNE,"1/14/2023 11 p.m. EST",13317,13320,10746,-2571
ISNE,"1/15/2023 12 a.m. EST",12827,12600,10136,-2691
ISNE,"1/15/2023 1 a.m. EST",12626,12040,9975,-2651
ISNE,"1/15/2023 2 a.m. EST",12249,11660,9483,-2766
ISNE,"1/15/2023 3 a.m. EST",12293,11470,9599,-2694
ISNE,"1/15/2023 4 a.m. EST",12523,11400,10145,-2378
ISNE,"1/15/2023 5 a.m. EST",12599,11460,10212,-2387
ISNE,"1/15/2023 6 a.m. EST",12624,11730,10156,-2468
ISNE,"1/15/2023 7 a.m. EST",12758,12220,10006,-2752
ISNE,"1/15/2023 8 a.m. EST",13109,12850,10362,-2747
ISNE,"1/15/2023 9 a.m. EST",13288,13320,10482,-2806
ISNE,"1/15/2023 10 a.m. EST",13429,13500,10456,-2973
ISNE,"1/15/2023 11 a.m. EST",13462,13410,10436,-3026
ISNE,"1/15/2023 12 p.m. EST",13558,13260,10541,-3017
ISNE,"1/15/2023 1 p.m. EST",13565,13160,10489,-3076
ISNE,"1/15/2023 2 p.m. EST",13652,13200,10679,-2973
ISNE,"1/15/2023 3 p.m. EST",13944,13380,10951,-2993
ISNE,"1/15/2023 4 p.m. EST",14752,14030,11794,-2958
ISNE,"1/15/2023 5 p.m. EST",15346,15250,12575,-2771
ISNE,"1/15/2023 6 p.m. EST",16140,16250,13365,-2775
ISNE,"1/15/2023 7 p.m. EST",15944,16130,13005,-2939
ISNE,"1/15/2023 8 p.m. EST",15453,15660,12438,-3015
ISNE,"1/15/2023 9 p.m. EST",14941,15100,11950,-2991
ISNE,"1/15/2023 10 p.m. EST",14239,14340,11318,-2921
ISNE,"1/15/2023 11 p.m. EST",13419,13420,10433,-2986
ISNE,"1/16/2023 12 a.m. EST",12684,12630,9778,-2906
ISNE,"1/16/2023 1 a.m. EST",12742,12020,9878,-2864
ISNE,"1/16/2023 2 a.m. EST",12866,11730,9927,-2939
ISNE,"1/16/2023 3 a.m. EST",12971,11590,10252,-2719
ISNE,"1/16/2023 4 a.m. EST",13007,11640,10211,-2796
ISNE,"1/16/2023 5 a.m. EST",12937,11970,10260,-2677
ISNE,"1/16/2023 6 a.m. EST",13142,12660,10296,-2846
ISNE,"1/16/2023 7 a.m. EST",13943,13600,10997,-2946
ISNE,"1/16/2023 8 a.m. EST",14467,14470,11511,-2956
ISNE,"1/16/2023 9 a.m. EST",15036,14800,12130,-2906
ISNE,"1/16/2023 10 a.m. EST",15563,15420,12494,-3069
ISNE,"1/16/2023 11 a.m. EST",15639,15430,12585,-3054
ISNE,"1/16/2023 12 p.m. EST",15565,15400,12373,-3192
ISNE,"1/16/2023 1 p.m. EST",15561,15410,12322,-3239
ISNE,"1/16/2023 2 p.m. EST",15611,15410,12325,-3286
ISNE,"1/16/2023 3 p.m. EST",15663,15630,12408,-3255
ISNE,"1/16/2023 4 p.m. EST",15792,15670,12594,-3198
ISNE,"1/16/2023 5 p.m. EST",16385,16320,13263,-3122
ISNE,"1/16/2023 6 p.m. EST",17059,17250,13938,-3121
ISNE,"1/16/2023 7 p.m. EST",16749,16870,13556,-3193
ISNE,"1/16/2023 8 p.m. EST",16223,16230,13108,-3115
ISNE,"1/16/2023 9 p.m. EST",15529,15520,12431,-3098
ISNE,"1/16/2023 10 p.m. EST",14605,14590,11518,-3087
ISNE,"1/16/2023 11 p.m. EST",13554,13580,10503,-3051
ISNE,"1/17/2023 12 a.m. EST",12613,12760,9542,-3071
ISNE,"1/17/2023 1 a.m. EST",12541,12010,9959,-2582
ISNE,"1/17/2023 2 a.m. EST",12280,11650,9684,-2596
ISNE,"1/17/2023 3 a.m. EST",12376,11510,9742,-2634
ISNE,"1/17/2023 4 a.m. EST",12411,11550,9713,-2698
ISNE,"1/17/2023 5 a.m. EST",12493,11910,9869,-2624
ISNE,"1/17/2023 6 a.m. EST",13290,12860,10351,-2939
ISNE,"1/17/2023 7 a.m. EST",14292,14400,11099,-3193
ISNE,"1/17/2023 8 a.m. EST",15228,15120,11980,-3248
ISNE,"1/17/2023 9 a.m. EST",14970,14660,11963,-3007
ISNE,"1/17/2023 10 a.m. EST",14025,13770,10994,-3031
ISNE,"1/17/2023 11 a.m. EST",13164,13220,10140,-3024
ISNE,"1/17/2023 12 p.m. EST",12441,12260,9827,-2614
ISNE,"1/17/2023 1 p.m. EST",12246,12330,9902,-2344
ISNE,"1/17/2023 2 p.m. EST",12930,12700,10698,-2232
ISNE,"1/17/2023 3 p.m. EST",13804,13290,11461,-2343
ISNE,"1/17/2023 4 p.m. EST",14410,14070,11846,-2564
ISNE,"1/17/2023 5 p.m. EST",15211,15310,12490,-2721
ISNE,"1/17/2023 6 p.m. EST",15965,16330,13182,-2783
ISNE,"1/17/2023 7 p.m. EST",15785,16180,13002,-2783
ISNE,"1/17/2023 8 p.m. EST",15302,15720,12326,-2976
ISNE,"1/17/2023 9 p.m. EST",14623,15080,11656,-2967
ISNE,"1/17/2023 10 p.m. EST",13725,14190,11092,-2633
ISNE,"1/17/2023 11 p.m. EST",12663,13130,10181,-2482
ISNE,"1/18/2023 12 a.m. EST",11729,12270,9279,-2450
ISNE,"1/18/2023 1 a.m. EST",11627,11180,9052,-2575
ISNE,"1/18/2023 2 a.m. EST",11606,10840,9004,-2602
ISNE,"1/18/2023 3 a.m. EST",11491,10690,8964,-2527
ISNE,"1/18/2023 4 a.m. EST",11519,10700,9079,-2440
ISNE,"1/18/2023 5 a.m. EST",11824,11040,9345,-2479
ISNE,"1/18/2023 6 a.m. EST",12201,11990,10067,-2134
ISNE,"1/18/2023 7 a.m. EST",13426,13550,11316,-2110
ISNE,"1/18/2023 8 a.m. EST",14303,14570,12006,-2297
ISNE,"1/18/2023 9 a.m. EST",14352,14660,12166,-2186
ISNE,"1/18/2023 10 a.m. EST",14030,14230,11771,-2259
ISNE,"1/18/2023 11 a.m. EST",13716,13960,11557,-2159
ISNE,"1/18/2023 12 p.m. EST",13509,13230,11271,-2238
ISNE,"1/18/2023 1 p.m. EST",13144,12930,10764,-2380
ISNE,"1/18/2023 2 p.m. EST",12897,13000,10523,-2374
ISNE,"1/18/2023 3 p.m. EST",13427,13390,11066,-2361
ISNE,"1/18/2023 4 p.m. EST",13982,14250,11660,-2322
ISNE,"1/18/2023 5 p.m. EST",14610,15190,12436,-2174
ISNE,"1/18/2023 6 p.m. EST",15541,16140,13363,-2178
ISNE,"1/18/2023 7 p.m. EST",15484,16000,13316,-2168
ISNE,"1/18/2023 8 p.m. EST",15062,15520,12726,-2336
ISNE,"1/18/2023 9 p.m. EST",14701,14790,12172,-2529
ISNE,"1/18/2023 10 p.m. EST",13660,13920,11376,-2284
ISNE,"1/18/2023 11 p.m. EST",12599,12890,10352,-2247
ISNE,"1/19/2023 12 a.m. EST",12110,12010,9702,-2408
ISNE,"1/19/2023 1 a.m. EST",11997,11180,9518,-2479
ISNE,"1/19/2023 2 a.m. EST",11672,10850,8793,-2879
ISNE,"1/19/2023 3 a.m. EST",11743,10690,9102,-2641
ISNE,"1/19/2023 4 a.m. EST",11829,10760,9327,-2502
ISNE,"1/19/2023 5 a.m. EST",12121,11100,9531,-2590
ISNE,"1/19/2023 6 a.m. EST",12537,12260,10013,-2524
ISNE,"1/19/2023 7 a.m. EST",13554,13750,10680,-2874
ISNE,"1/19/2023 8 a.m. EST",14737,14700,11773,-2964
ISNE,"1/19/2023 9 a.m. EST",14648,14670,11760,-2888
ISNE,"1/19/2023 10 a.m. EST",14427,14370,11576,-2851
ISNE,"1/19/2023 11 a.m. EST",14388,14290,11660,-2728
ISNE,"1/19/2023 12 p.m. EST",14351,14330,11746,-2605
ISNE,"1/19/2023 1 p.m. EST",14538,14510,11591,-2947
ISNE,"1/19/2023 2 p.m. EST",14766,14770,11813,-2953
ISNE,"1/19/2023 3 p.m. EST",14873,14900,11872,-3001
ISNE,"1/19/2023 4 p.m. EST",15135,15160,12176,-2959
ISNE,"1/19/2023 5 p.m. EST",15742,15730,12831,-2911
ISNE,"1/19/2023 6 p.m. EST",16289,16460,13362,-2927
ISNE,"1/19/2023 7 p.m. EST",16087,16230,13049,-3038
ISNE,"1/19/2023 8 p.m. EST",15579,15740,12548,-3031
ISNE,"1/19/2023 9 p.m. EST",14959,15010,12128,-2831
ISNE,"1/19/2023 10 p.m. EST",14117,14130,11010,-3107
ISNE,"1/19/2023 11 p.m. EST",13116,13110,10144,-2972
ISNE,"1/20/2023 12 a.m. EST",12510,12220,9882,-2628
ISNE,"1/20/2023 1 a.m. EST",12214,11680,9720,-2494
ISNE,"1/20/2023 2 a.m. EST",11929,11290,9372,-2557
ISNE,"1/20/2023 3 a.m. EST",11710,11080,9031,-2679
ISNE,"1/20/2023 4 a.m. EST",11666,11050,8983,-2683
ISNE,"1/20/2023 5 a.m. EST",11976,11390,9227,-2749
ISNE,"1/20/2023 6 a.m. EST",12279,12230,9578,-2701
ISNE,"1/20/2023 7 a.m. EST",13433,13520,10406,-3027
ISNE,"1/20/2023 8 a.m. EST",14438,14670,11583,-2855
ISNE,"1/20/2023 9 a.m. EST",14895,15090,12304,-2591
ISNE,"1/20/2023 10 a.m. EST",15120,15300,12209,-2911
ISNE,"1/20/2023 11 a.m. EST",15360,15430,12202,-3158
ISNE,"1/20/2023 12 p.m. EST",15426,15510,12256,-3170
ISNE,"1/20/2023 1 p.m. EST",15290,15460,12095,-3195
ISNE,"1/20/2023 2 p.m. EST",15150,15350,11966,-3184
ISNE,"1/20/2023 3 p.m. EST",15040,15250,11908,-3132
ISNE,"1/20/2023 4 p.m. EST",15102,15360,11852,-3250
ISNE,"1/20/2023 5 p.m. EST",15624,15920,12475,-3149
ISNE,"1/20/2023 6 p.m. EST",16251,16570,13160,-3091
ISNE,"1/20/2023 7 p.m. EST",15947,16240,12919,-3028
ISNE,"1/20/2023 8 p.m. EST",15429,15710,12401,-3028
ISNE,"1/20/2023 9 p.m. EST",14822,15010,11825,-2997
ISNE,"1/20/2023 10 p.m. EST",14119,14240,10959,-3160
ISNE,"1/20/2023 11 p.m. EST",13258,13410,9888,-3370
ISNE,"1/21/2023 12 a.m. EST",12436,12620,9475,-2961
ISNE,"1/21/2023 1 a.m. EST",12136,11990,9277,-2859
ISNE,"1/21/2023 2 a.m. EST",11760,11580,9036,-2724
ISNE,"1/21/2023 3 a.m. EST",11533,11420,8828,-2705
ISNE,"1/21/2023 4 a.m. EST",11479,11110,8843,-2636
ISNE,"1/21/2023 5 a.m. EST",11601,11210,9035,-2566
ISNE,"1/21/2023 6 a.m. EST",11975,11630,9345,-2630
ISNE,"1/21/2023 7 a.m. EST",12629,12430,9693,-2936
ISNE,"1/21/2023 8 a.m. EST",13049,13130,10088,-2961
ISNE,"1/21/2023 9 a.m. EST",13740,13920,10766,-2974
ISNE,"1/21/2023 10 a.m. EST",14066,13700,10950,-3116
ISNE,"1/21/2023 11 a.m. EST",14156,14120,10886,-3270
ISNE,"1/21/2023 12 p.m. EST",14262,14060,10907,-3355
ISNE,"1/21/2023 1 p.m. EST",14323,14070,10941,-3382
ISNE,"1/21/2023 2 p.m. EST",14278,14110,10960,-3318
ISNE,"1/21/2023 3 p.m. EST",14325,14180,11017,-3308
ISNE,"1/21/2023 4 p.m. EST",14568,14380,11387,-3181
ISNE,"1/21/2023 5 p.m. EST",15111,14650,11993,-3118
ISNE,"1/21/2023 6 p.m. EST",15797,15700,12961,-2836
ISNE,"1/21/2023 7 p.m. EST",15589,15650,12495,-3094
ISNE,"1/21/2023 8 p.m. EST",15137,15270,11992,-3145
ISNE,"1/21/2023 9 p.m. EST",14676,14770,11669,-3007
ISNE,"1/21/2023 10 p.m. EST",14062,14200,10994,-3068
ISNE,"1/21/2023 11 p.m. EST",13326,13470,10364,-2962
ISNE,"1/22/2023 12 a.m. EST",12597,12820,9825,-2772
ISNE,"1/22/2023 1 a.m. EST",12035,12120,9524,-2511
ISNE,"1/22/2023 2 a.m. EST",11644,11790,9176,-2468
ISNE,"1/22/2023 3 a.m. EST",11637,11620,9187,-2450
ISNE,"1/22/2023 4 a.m. EST",11618,11290,9233,-2385
ISNE,"1/22/2023 5 a.m. EST",11660,11380,9300,-2360
ISNE,"1/22/2023 6 a.m. EST",11673,11730,9297,-2376
ISNE,"1/22/2023 7 a.m. EST",12173,12230,9586,-2587
ISNE,"1/22/2023 8 a.m. EST",12785,12810,10275,-2510
ISNE,"1/22/2023 9 a.m. EST",13473,13300,10985,-2488
ISNE,"1/22/2023 10 a.m. EST",14067,13910,11316,-2751
ISNE,"1/22/2023 11 a.m. EST",14343,13870,11551,-2792
ISNE,"1/22/2023 12 p.m. EST",14350,14020,11372,-2978
ISNE,"1/22/2023 1 p.m. EST",14304,14180,11267,-3037
ISNE,"1/22/2023 2 p.m. EST",14325,14320,11333,-2992
ISNE,"1/22/2023 3 p.m. EST",14483,14550,11618,-2865
ISNE,"1/22/2023 4 p.m. EST",14776,14890,11881,-2895
ISNE,"1/22/2023 5 p.m. EST",15413,15360,12719,-2694
ISNE,"1/22/2023 6 p.m. EST",16048,15920,13265,-2783
ISNE,"1/22/2023 7 p.m. EST",15860,15720,13272,-2588
ISNE,"1/22/2023 8 p.m. EST",15320,15190,12757,-2563
ISNE,"1/22/2023 9 p.m. EST",14768,14520,12328,-2440
ISNE,"1/22/2023 10 p.m. EST",13929,13650,11358,-2571
ISNE,"1/22/2023 11 p.m. EST",12980,12760,10707,-2273
ISNE,"1/23/2023 12 a.m. EST",12231,11970,10065,-2166
ISNE,"1/23/2023 1 a.m. EST",12393,11570,10004,-2389
ISNE,"1/23/2023 2 a.m. EST",12119,11230,9716,-2403
ISNE,"1/23/2023 3 a.m. EST",12200,11090,9538,-2662
ISNE,"1/23/2023 4 a.m. EST",12242,11120,9628,-2614
ISNE,"1/23/2023 5 a.m. EST",12532,11450,10025,-2507
ISNE,"1/23/2023 6 a.m. EST",12825,12290,10337,-2488
ISNE,"1/23/2023 7 a.m. EST",13784,13630,10857,-2927
ISNE,"1/23/2023 8 a.m. EST",14589,14670,11531,-3058
ISNE,"1/23/2023 9 a.m. EST",15044,15110,11934,-3110
ISNE,"1/23/2023 10 a.m. EST",15308,15350,12175,-3133
ISNE,"1/23/2023 11 a.m. EST",15580,15560,12510,-3070
ISNE,"1/23/2023 12 p.m. EST",15748,15700,12595,-3153
ISNE,"1/23/2023 1 p.m. EST",15842,15810,12680,-3162
ISNE,"1/23/2023 2 p.m. EST",15921,15800,12709,-3212
ISNE,"1/23/2023 3 p.m. EST",15887,15720,12650,-3237
ISNE,"1/23/2023 4 p.m. EST",15853,15880,12666,-3187
ISNE,"1/23/2023 5 p.m. EST",16284,16490,13154,-3130
ISNE,"1/23/2023 6 p.m. EST",16927,17400,13745,-3182
ISNE,"1/23/2023 7 p.m. EST",16757,17150,13662,-3095
ISNE,"1/23/2023 8 p.m. EST",16239,16560,13059,-3180
ISNE,"1/23/2023 9 p.m. EST",15485,15750,12275,-3210
ISNE,"1/23/2023 10 p.m. EST",14563,14820,11327,-3236
ISNE,"1/23/2023 11 p.m. EST",13644,13740,10404,-3240
ISNE,"1/24/2023 12 a.m. EST",12902,12830,9892,-3010
ISNE,"1/24/2023 1 a.m. EST",12473,12040,9844,-2629
ISNE,"1/24/2023 2 a.m. EST",12281,11710,9579,-2702
ISNE,"1/24/2023 3 a.m. EST",12210,11550,9360,-2850
ISNE,"1/24/2023 4 a.m. EST",12347,11600,9578,-2769
ISNE,"1/24/2023 5 a.m. EST",12505,11960,9737,-2768
ISNE,"1/24/2023 6 a.m. EST",13120,12850,10375,-2745
ISNE,"1/24/2023 7 a.m. EST",14516,14320,11723,-2793
ISNE,"1/24/2023 8 a.m. EST",15170,15220,12249,-2921
ISNE,"1/24/2023 9 a.m. EST",15478,15500,12315,-3163
ISNE,"1/24/2023 10 a.m. EST",15301,15240,12336,-2965
ISNE,"1/24/2023 11 a.m. EST",15111,14060,11924,-3187
ISNE,"1/24/2023 12 p.m. EST",14801,13740,11584,-3217
ISNE,"1/24/2023 1 p.m. EST",14861,13590,11677,-3184
ISNE,"1/24/2023 2 p.m. EST",14996,13460,11756,-3240
ISNE,"1/24/2023 3 p.m. EST",15119,13640,11915,-3204
ISNE,"1/24/2023 4 p.m. EST",14986,14240,11784,-3202
ISNE,"1/24/2023 5 p.m. EST",15678,15510,12457,-3221
ISNE,"1/24/2023 6 p.m. EST",16653,16690,13444,-3209
ISNE,"1/24/2023 7 p.m. EST",16584,16640,13379,-3205
ISNE,"1/24/2023 8 p.m. EST",16110,16170,13028,-3082
ISNE,"1/24/2023 9 p.m. EST",15450,15460,12227,-3223
ISNE,"1/24/2023 10 p.m. EST",14575,14640,11237,-3338
ISNE,"1/24/2023 11 p.m. EST",13482,13590,10187,-3295
ISNE,"1/25/2023 12 a.m. EST",12738,12700,9685,-3053
ISNE,"1/25/2023 1 a.m. EST",12832,11990,9799,-3033
ISNE,"1/25/2023 2 a.m. EST",12554,11660,9390,-3164
ISNE,"1/25/2023 3 a.m. EST",12502,11520,9188,-3314
ISNE,"1/25/2023 4 a.m. EST",12670,11550,9327,-3343
ISNE,"1/25/2023 5 a.m. EST",12750,11930,9646,-3104
ISNE,"1/25/2023 6 a.m. EST",13532,12880,10541,-2991
ISNE,"1/25/2023 7 a.m. EST",14378,14390,11481,-2897
ISNE,"1/25/2023 8 a.m. EST",15251,15290,12429,-2822
ISNE,"1/25/2023 9 a.m. EST",15472,15500,12981,-2491
ISNE,"1/25/2023 10 a.m. EST",15477,15480,12843,-2634
ISNE,"1/25/2023 11 a.m. EST",15472,15530,12793,-2679
ISNE,"1/25/2023 12 p.m. EST",15320,15550,12648,-2672
ISNE,"1/25/2023 1 p.m. EST",15194,15570,12374,-2820
ISNE,"1/25/2023 2 p.m. EST",15178,15610,12205,-2973
ISNE,"1/25/2023 3 p.m. EST",15318,15610,12455,-2863
ISNE,"1/25/2023 4 p.m. EST",15624,15790,12974,-2650
ISNE,"1/25/2023 5 p.m. EST",16262,16370,13989,-2273
ISNE,"1/25/2023 6 p.m. EST",16870,17210,14592,-2278
ISNE,"1/25/2023 7 p.m. EST",16691,16940,14354,-2337
ISNE,"1/25/2023 8 p.m. EST",16236,16240,13719,-2517
ISNE,"1/25/2023 9 p.m. EST",15478,15400,12870,-2608
ISNE,"1/25/2023 10 p.m. EST",14521,14440,11720,-2801
ISNE,"1/25/2023 11 p.m. EST",13384,13350,10919,-2465
ISNE,"1/26/2023 12 a.m. EST",12384,12400,9997,-2387
ISNE,"1/26/2023 1 a.m. EST",11992,11710,9840,-2152
ISNE,"1/26/2023 2 a.m. EST",12081,11260,10316,-1765
ISNE,"1/26/2023 3 a.m. EST",12058,10980,10215,-1843
ISNE,"1/26/2023 4 a.m. EST",12045,10990,10099,-1946
ISNE,"1/26/2023 5 a.m. EST",12134,11050,10198,-1936
ISNE,"1/26/2023 6 a.m. EST",12399,11890,10007,-2392
ISNE,"1/26/2023 7 a.m. EST",13321,13320,10045,-3276
ISNE,"1/26/2023 8 a.m. EST",14176,14240,10696,-3480
ISNE,"1/26/2023 9 a.m. EST",14284,14370,10993,-3291
ISNE,"1/26/2023 10 a.m. EST",13931,13980,10562,-3369
ISNE,"1/26/2023 11 a.m. EST",13828,13640,10503,-3325
ISNE,"1/26/2023 12 p.m. EST",13919,13620,10657,-3262
ISNE,"1/26/2023 1 p.m. EST",14058,13670,10992,-3066
ISNE,"1/26/2023 2 p.m. EST",14157,13790,11108,-3049
ISNE,"1/26/2023 3 p.m. EST",14338,14000,11335,-3003
ISNE,"1/26/2023 4 p.m. EST",14656,14500,11605,-3051
ISNE,"1/26/2023 5 p.m. EST",15350,15370,12599,-2751
ISNE,"1/26/2023 6 p.m. EST",16151,16420,13388,-2763
ISNE,"1/26/2023 7 p.m. EST",16063,16380,13165,-2898
ISNE,"1/26/2023 8 p.m. EST",15637,15900,12600,-3037
ISNE,"1/26/2023 9 p.m. EST",15027,15220,11966,-3061
ISNE,"1/26/2023 10 p.m. EST",14240,14410,10948,-3292
ISNE,"1/26/2023 11 p.m. EST",13246,13390,9995,-3251
ISNE,"1/27/2023 12 a.m. EST",12599,12500,9461,-3138
ISNE,"1/27/2023 1 a.m. EST",12561,11870,9421,-3140
ISNE,"1/27/2023 2 a.m. EST",12373,11500,9147,-3226
ISNE,"1/27/2023 3 a.m. EST",12237,11370,9266,-2971
ISNE,"1/27/2023 4 a.m. EST",12260,11430,9237,-3023
ISNE,"1/27/2023 5 a.m. EST",12604,11770,9690,-2914
ISNE,"1/27/2023 6 a.m. EST",13073,12630,10315,-2758
ISNE,"1/27/2023 7 a.m. EST",14205,14060,11435,-2770
ISNE,"1/27/2023 8 a.m. EST",15096,14880,12356,-2740
ISNE,"1/27/2023 9 a.m. EST",14521,14660,11557,-2964
ISNE,"1/27/2023 10 a.m. EST",13673,13630,10863,-2810
ISNE,"1/27/2023 11 a.m. EST",12863,13160,10195,-2668
ISNE,"1/27/2023 12 p.m. EST",12591,12960,9980,-2611
ISNE,"1/27/2023 1 p.m. EST",12575,12930,10269,-2306
ISNE,"1/27/2023 2 p.m. EST",12855,13220,10431,-2424
ISNE,"1/27/2023 3 p.m. EST",13397,13610,10915,-2482
ISNE,"1/27/2023 4 p.m. EST",14203,14190,11625,-2578
ISNE,"1/27/2023 5 p.m. EST",14913,15110,12250,-2663
ISNE,"1/27/2023 6 p.m. EST",15773,16100,13119,-2654
ISNE,"1/27/2023 7 p.m. EST",15688,15960,12926,-2762
ISNE,"1/27/2023 8 p.m. EST",15275,15480,12558,-2717
ISNE,"1/27/2023 9 p.m. EST",14795,14840,12169,-2626
ISNE,"1/27/2023 10 p.m. EST",14143,14150,11694,-2449
ISNE,"1/27/2023 11 p.m. EST",13331,13320,10888,-2443
ISNE,"1/28/2023 12 a.m. EST",12829,12500,10257,-2572
ISNE,"1/28/2023 1 a.m. EST",12277,12030,10023,-2254
ISNE,"1/28/2023 2 a.m. EST",11934,11690,9588,-2346
ISNE,"1/28/2023 3 a.m. EST",11747,11600,9462,-2285
ISNE,"1/28/2023 4 a.m. EST",11686,11480,9573,-2113
ISNE,"1/28/2023 5 a.m. EST",11775,11570,9604,-2171
ISNE,"1/28/2023 6 a.m. EST",12092,11910,9808,-2284
ISNE,"1/28/2023 7 a.m. EST",12686,12630,10453,-2233
ISNE,"1/28/2023 8 a.m. EST",13270,13190,10929,-2341
ISNE,"1/28/2023 9 a.m. EST",13310,12950,11094,-2216
ISNE,"1/28/2023 10 a.m. EST",12811,12450,10568,-2243
ISNE,"1/28/2023 11 a.m. EST",12264,11680,9827,-2437
ISNE,"1/28/2023 12 p.m. EST",11793,11040,9296,-2497
ISNE,"1/28/2023 1 p.m. EST",11475,11050,9199,-2276
ISNE,"1/28/2023 2 p.m. EST",11359,11360,9116,-2243
ISNE,"1/28/2023 3 p.m. EST",11945,11920,10144,-1801
ISNE,"1/28/2023 4 p.m. EST",12743,12890,10605,-2138
ISNE,"1/28/2023 5 p.m. EST",13567,14030,11129,-2438
ISNE,"1/28/2023 6 p.m. EST",14537,15100,12150,-2387
ISNE,"1/28/2023 7 p.m. EST",14506,15000,12010,-2496
ISNE,"1/28/2023 8 p.m. EST",14122,14460,11457,-2665
ISNE,"1/28/2023 9 p.m. EST",13691,13970,10956,-2735
ISNE,"1/28/2023 10 p.m. EST",13111,13420,10530,-2581
ISNE,"1/28/2023 11 p.m. EST",12398,12670,10081,-2317
ISNE,"1/29/2023 12 a.m. EST",11726,11980,9554,-2172
ISNE,"1/29/2023 1 a.m. EST",11261,11240,9002,-2259
ISNE,"1/29/2023 2 a.m. EST",11164,10880,8794,-2370
ISNE,"1/29/2023 3 a.m. EST",11015,10690,8522,-2493
ISNE,"1/29/2023 4 a.m. EST",10952,10660,8545,-2407
ISNE,"1/29/2023 5 a.m. EST",11040,10720,8624,-2416
ISNE,"1/29/2023 6 a.m. EST",11061,11010,8575,-2486
ISNE,"1/29/2023 7 a.m. EST",11598,11290,8934,-2664
ISNE,"1/29/2023 8 a.m. EST",12115,11890,9515,-2600
ISNE,"1/29/2023 9 a.m. EST",12322,12320,9553,-2769
ISNE,"1/29/2023 10 a.m. EST",12204,12330,9571,-2633
ISNE,"1/29/2023 11 a.m. EST",12292,12460,10070,-2222
ISNE,"1/29/2023 12 p.m. EST",12929,12780,10615,-2314
ISNE,"1/29/2023 1 p.m. EST",13134,13080,10666,-2468
ISNE,"1/29/2023 2 p.m. EST",13305,13300,10754,-2551
ISNE,"1/29/2023 3 p.m. EST",13521,13430,10863,-2658
ISNE,"1/29/2023 4 p.m. EST",13805,13670,11192,-2613
ISNE,"1/29/2023 5 p.m. EST",14298,14400,11551,-2747
ISNE,"1/29/2023 6 p.m. EST",15053,15350,12295,-2758
ISNE,"1/29/2023 7 p.m. EST",14908,15090,12105,-2803
ISNE,"1/29/2023 8 p.m. EST",14368,14530,11693,-2675
ISNE,"1/29/2023 9 p.m. EST",13778,13890,11380,-2398
ISNE,"1/29/2023 10 p.m. EST",13019,13070,10553,-2466
ISNE,"1/29/2023 11 p.m. EST",12318,12170,9872,-2446
ISNE,"1/30/2023 12 a.m. EST",11484,11410,9340,-2144
ISNE,"1/30/2023 1 a.m. EST",11465,10720,9464,-2001
ISNE,"1/30/2023 2 a.m. EST",11569,10460,9503,-2066
ISNE,"1/30/2023 3 a.m. EST",11385,10370,9415,-1970
ISNE,"1/30/2023 4 a.m. EST",11128,10470,9041,-2087
ISNE,"1/30/2023 5 a.m. EST",11148,10900,9070,-2078
ISNE,"1/30/2023 6 a.m. EST",11906,11910,9833,-2073
ISNE,"1/30/2023 7 a.m. EST",13444,13520,11017,-2427
ISNE,"1/30/2023 8 a.m. EST",14383,14440,11989,-2394
ISNE,"1/30/2023 9 a.m. EST",14341,14320,11821,-2520
ISNE,"1/30/2023 10 a.m. EST",13875,13900,11360,-2515
ISNE,"1/30/2023 11 a.m. EST",13008,13100,10225,-2783
ISNE,"1/30/2023 12 p.m. EST",12781,12960,10192,-2589
ISNE,"1/30/2023 1 p.m. EST",12948,13060,10579,-2369
ISNE,"1/30/2023 2 p.m. EST",12623,13300,10172,-2451
ISNE,"1/30/2023 3 p.m. EST",12690,13500,10233,-2457
ISNE,"1/30/2023 4 p.m. EST",13298,14100,10999,-2299
ISNE,"1/30/2023 5 p.m. EST",14411,14980,12090,-2321
ISNE,"1/30/2023 6 p.m. EST",15576,15960,13457,-2119
ISNE,"1/30/2023 7 p.m. EST",15662,15970,13309,-2353
ISNE,"1/30/2023 8 p.m. EST",15192,15470,12621,-2571
ISNE,"1/30/2023 9 p.m. EST",14542,14660,11853,-2689
ISNE,"1/30/2023 10 p.m. EST",13683,13740,10895,-2788
ISNE,"1/30/2023 11 p.m. EST",12714,12690,9641,-3073
ISNE,"1/31/2023 12 a.m. EST",12091,11810,9041,-3050
ISNE,"1/31/2023 1 a.m. EST",12120,11240,9279,-2841
ISNE,"1/31/2023 2 a.m. EST",12079,10920,9137,-2942
ISNE,"1/31/2023 3 a.m. EST",11955,10810,8922,-3033
ISNE,"1/31/2023 4 a.m. EST",12029,10910,8903,-3126
ISNE,"1/31/2023 5 a.m. EST",12191,11300,9167,-3024
ISNE,"1/31/2023 6 a.m. EST",12317,12240,9342,-2975
ISNE,"1/31/2023 7 a.m. EST",13766,13840,10662,-3104
ISNE,"1/31/2023 8 a.m. EST",14838,14880,11722,-3116
ISNE,"1/31/2023 9 a.m. EST",15169,15050,12326,-2843
ISNE,"1/31/2023 10 a.m. EST",15005,14980,12202,-2803
ISNE,"1/31/2023 11 a.m. EST",14482,14480,11239,-3243
ISNE,"1/31/2023 12 p.m. EST",14003,13470,10769,-3234
ISNE,"1/31/2023 1 p.m. EST",13404,13240,10238,-3166
ISNE,"1/31/2023 2 p.m. EST",13347,13200,10327,-3020
ISNE,"1/31/2023 3 p.m. EST",13387,13610,10381,-3006
ISNE,"1/31/2023 4 p.m. EST",14191,14420,10860,-3331
ISNE,"1/31/2023 5 p.m. EST",15397,15570,12232,-3165
ISNE,"1/31/2023 6 p.m. EST",16563,16790,13210,-3353
ISNE,"1/31/2023 7 p.m. EST",16732,16910,13385,-3347
ISNE,"1/31/2023 8 p.m. EST",16480,16540,12997,-3483
ISNE,"1/31/2023 9 p.m. EST",15922,15880,12413,-3509
ISNE,"1/31/2023 10 p.m. EST",15142,15050,11631,-3511
ISNE,"1/31/2023 11 p.m. EST",14104,14090,10594,-3510
ISNE,"2/1/2023 12 a.m. EST",13250,13220,10116,-3134
