"BA Code","Timestamp (Hour Ending)","Demand (MWh)","Demand Forecast (MWh)","Net Generation (MWh)","Total Interchange (MWh)"
NEVP,"6/1/2022 12 a.m. PDT",4321,4000,3511,-810
NEVP,"6/1/2022 1 a.m. PDT",4055,3750,3153,-902
NEVP,"6/1/2022 2 a.m. PDT",3863,3533,2866,-997
NEVP,"6/1/2022 3 a.m. PDT",3687,3396,2695,-992
NEVP,"6/1/2022 4 a.m. PDT",3622,3346,2637,-985
NEVP,"6/1/2022 5 a.m. PDT",3645,3304,2649,-996
NEVP,"6/1/2022 6 a.m. PDT",3642,3384,2625,-1017
NEVP,"6/1/2022 7 a.m. PDT",3743,3453,2556,-1187
NEVP,"6/1/2022 8 a.m. PDT",3917,3567,3186,-731
NEVP,"6/1/2022 9 a.m. PDT",4106,3727,3557,-549
NEVP,"6/1/2022 10 a.m. PDT",4142,3865,3507,-635
NEVP,"6/1/2022 11 a.m. PDT",4235,4045,3369,-866
NEVP,"6/1/2022 12 p.m. PDT",4428,4254,3440,-988
NEVP,"6/1/2022 1 p.m. PDT",4602,4467,3388,-1214
NEVP,"6/1/2022 2 p.m. PDT",4843,4655,3572,-1271
NEVP,"6/1/2022 3 p.m. PDT",5117,4998,3547,-1570
NEVP,"6/1/2022 4 p.m. PDT",5419,5264,3707,-1712
NEVP,"6/1/2022 5 p.m. PDT",5639,5518,3708,-1931
NEVP,"6/1/2022 6 p.m. PDT",5776,5664,3899,-1877
NEVP,"6/1/2022 7 p.m. PDT",5794,5635,3822,-1972
NEVP,"6/1/2022 8 p.m. PDT",5645,5394,3606,-2039
NEVP,"6/1/2022 9 p.m. PDT",5454,5236,3584,-1870
NEVP,"6/1/2022 10 p.m. PDT",5081,4872,3396,-1685
NEVP,"6/1/2022 11 p.m. PDT",4715,4490,3328,-1387
NEVP,"6/2/2022 12 a.m. PDT",4339,4084,3093,-1246
NEVP,"6/2/2022 1 a.m. PDT",4037,3932,3002,-1035
NEVP,"6/2/2022 2 a.m. PDT",3820,3743,2805,-1015
NEVP,"6/2/2022 3 a.m. PDT",3665,3646,2633,-1032
NEVP,"6/2/2022 4 a.m. PDT",3582,3550,2543,-1039
NEVP,"6/2/2022 5 a.m. PDT",3623,3564,2696,-927
NEVP,"6/2/2022 6 a.m. PDT",3560,3599,2759,-801
NEVP,"6/2/2022 7 a.m. PDT",3671,3689,2603,-1068
NEVP,"6/2/2022 8 a.m. PDT",3973,3731,3291,-682
NEVP,"6/2/2022 9 a.m. PDT",4138,3911,3511,-627
NEVP,"6/2/2022 10 a.m. PDT",4348,4074,3537,-811
NEVP,"6/2/2022 11 a.m. PDT",4581,4331,3491,-1090
NEVP,"6/2/2022 12 p.m. PDT",4816,4548,3742,-1074
NEVP,"6/2/2022 1 p.m. PDT",5118,4891,3760,-1358
NEVP,"6/2/2022 2 p.m. PDT",5452,5199,3810,-1642
NEVP,"6/2/2022 3 p.m. PDT",5819,5442,3844,-1975
NEVP,"6/2/2022 4 p.m. PDT",6129,5757,4151,-1978
NEVP,"6/2/2022 5 p.m. PDT",6326,5999,4300,-2026
NEVP,"6/2/2022 6 p.m. PDT",6411,5988,4329,-2082
NEVP,"6/2/2022 7 p.m. PDT",6264,5868,4112,-2152
NEVP,"6/2/2022 8 p.m. PDT",5999,5601,3853,-2146
NEVP,"6/2/2022 9 p.m. PDT",5826,5428,3963,-1863
NEVP,"6/2/2022 10 p.m. PDT",5538,5137,3820,-1718
NEVP,"6/2/2022 11 p.m. PDT",5182,4846,3889,-1293
NEVP,"6/3/2022 12 a.m. PDT",4830,4517,3616,-1214
NEVP,"6/3/2022 1 a.m. PDT",4543,3920,3499,-1044
NEVP,"6/3/2022 2 a.m. PDT",4413,3757,3364,-1049
NEVP,"6/3/2022 3 a.m. PDT",4256,3617,3234,-1022
NEVP,"6/3/2022 4 a.m. PDT",4110,3467,3172,-938
NEVP,"6/3/2022 5 a.m. PDT",3983,3419,3071,-912
NEVP,"6/3/2022 6 a.m. PDT",3938,3459,3064,-874
NEVP,"6/3/2022 7 a.m. PDT",4044,3531,2983,-1061
NEVP,"6/3/2022 8 a.m. PDT",4302,3905,3355,-947
NEVP,"6/3/2022 9 a.m. PDT",4567,4145,3547,-1020
NEVP,"6/3/2022 10 a.m. PDT",4814,4346,3644,-1170
NEVP,"6/3/2022 11 a.m. PDT",5105,4656,3921,-1184
NEVP,"6/3/2022 12 p.m. PDT",5441,4907,4253,-1188
NEVP,"6/3/2022 1 p.m. PDT",5743,5070,4200,-1543
NEVP,"6/3/2022 2 p.m. PDT",5941,5315,4303,-1638
NEVP,"6/3/2022 3 p.m. PDT",6138,5575,4210,-1928
NEVP,"6/3/2022 4 p.m. PDT",6330,5798,4265,-2065
NEVP,"6/3/2022 5 p.m. PDT",6473,5882,4316,-2157
NEVP,"6/3/2022 6 p.m. PDT",6399,5833,4155,-2244
NEVP,"6/3/2022 7 p.m. PDT",6249,5637,3949,-2300
NEVP,"6/3/2022 8 p.m. PDT",5960,5420,3741,-2219
NEVP,"6/3/2022 9 p.m. PDT",5781,5264,3792,-1989
NEVP,"6/3/2022 10 p.m. PDT",5493,4972,3697,-1796
NEVP,"6/3/2022 11 p.m. PDT",5174,4709,3951,-1223
NEVP,"6/4/2022 12 a.m. PDT",4881,4476,3678,-1203
NEVP,"6/4/2022 1 a.m. PDT",4654,4264,3675,-979
NEVP,"6/4/2022 2 a.m. PDT",4403,4038,3521,-882
NEVP,"6/4/2022 3 a.m. PDT",4209,3844,3314,-895
NEVP,"6/4/2022 4 a.m. PDT",4041,3669,3139,-902
NEVP,"6/4/2022 5 a.m. PDT",3929,3658,3002,-927
NEVP,"6/4/2022 6 a.m. PDT",3841,3694,2895,-946
NEVP,"6/4/2022 7 a.m. PDT",3814,3616,2663,-1151
NEVP,"6/4/2022 8 a.m. PDT",3976,3707,2853,-1123
NEVP,"6/4/2022 9 a.m. PDT",4241,3903,3045,-1196
NEVP,"6/4/2022 10 a.m. PDT",4448,4168,3310,-1138
NEVP,"6/4/2022 11 a.m. PDT",4650,4402,3464,-1186
NEVP,"6/4/2022 12 p.m. PDT",4940,4595,3808,-1132
NEVP,"6/4/2022 1 p.m. PDT",5211,4693,3652,-1559
NEVP,"6/4/2022 2 p.m. PDT",5497,4878,3791,-1706
NEVP,"6/4/2022 3 p.m. PDT",5650,5245,3762,-1888
NEVP,"6/4/2022 4 p.m. PDT",5786,5566,3905,-1881
NEVP,"6/4/2022 5 p.m. PDT",5790,5639,3674,-2116
NEVP,"6/4/2022 6 p.m. PDT",5847,5642,3683,-2164
NEVP,"6/4/2022 7 p.m. PDT",5816,5566,3587,-2229
NEVP,"6/4/2022 8 p.m. PDT",5665,5480,3398,-2267
NEVP,"6/4/2022 9 p.m. PDT",5550,5333,3714,-1836
NEVP,"6/4/2022 10 p.m. PDT",5315,5063,3673,-1642
NEVP,"6/4/2022 11 p.m. PDT",5038,4719,3676,-1362
NEVP,"6/5/2022 12 a.m. PDT",4759,4442,3425,-1334
NEVP,"6/5/2022 1 a.m. PDT",4470,4135,3572,-898
NEVP,"6/5/2022 2 a.m. PDT",4238,3942,3483,-755
NEVP,"6/5/2022 3 a.m. PDT",4046,3751,3348,-698
NEVP,"6/5/2022 4 a.m. PDT",3915,3606,3125,-790
NEVP,"6/5/2022 5 a.m. PDT",3819,3565,2944,-875
NEVP,"6/5/2022 6 a.m. PDT",3747,3504,2749,-998
NEVP,"6/5/2022 7 a.m. PDT",3653,3487,2585,-1068
NEVP,"6/5/2022 8 a.m. PDT",3849,3535,2809,-1040
NEVP,"6/5/2022 9 a.m. PDT",4172,3716,3285,-887
NEVP,"6/5/2022 10 a.m. PDT",4503,3980,3412,-1091
NEVP,"6/5/2022 11 a.m. PDT",4813,4271,3397,-1416
NEVP,"6/5/2022 12 p.m. PDT",5120,4516,3477,-1643
NEVP,"6/5/2022 1 p.m. PDT",5310,4811,3610,-1700
NEVP,"6/5/2022 2 p.m. PDT",5620,5202,3719,-1901
NEVP,"6/5/2022 3 p.m. PDT",5942,5472,3959,-1983
NEVP,"6/5/2022 4 p.m. PDT",6259,5792,4274,-1985
NEVP,"6/5/2022 5 p.m. PDT",6528,5949,4525,-2003
NEVP,"6/5/2022 6 p.m. PDT",6585,6020,4911,-1674
NEVP,"6/5/2022 7 p.m. PDT",6435,5956,4694,-1741
NEVP,"6/5/2022 8 p.m. PDT",6193,5827,4257,-1936
NEVP,"6/5/2022 9 p.m. PDT",6009,5642,4023,-1986
NEVP,"6/5/2022 10 p.m. PDT",5735,5315,3864,-1871
NEVP,"6/5/2022 11 p.m. PDT",5372,4968,3914,-1458
NEVP,"6/6/2022 12 a.m. PDT",4983,4671,3721,-1262
NEVP,"6/6/2022 1 a.m. PDT",4652,4336,3470,-1182
NEVP,"6/6/2022 2 a.m. PDT",4388,4170,3422,-966
NEVP,"6/6/2022 3 a.m. PDT",4261,3966,3313,-948
NEVP,"6/6/2022 4 a.m. PDT",4162,3772,3195,-967
NEVP,"6/6/2022 5 a.m. PDT",4067,3667,3130,-937
NEVP,"6/6/2022 6 a.m. PDT",4073,3630,3226,-847
NEVP,"6/6/2022 7 a.m. PDT",4226,3795,3134,-1092
NEVP,"6/6/2022 8 a.m. PDT",4475,3833,3396,-1079
NEVP,"6/6/2022 9 a.m. PDT",4693,3967,3618,-1075
NEVP,"6/6/2022 10 a.m. PDT",4915,4121,3643,-1272
NEVP,"6/6/2022 11 a.m. PDT",5245,4543,3836,-1409
NEVP,"6/6/2022 12 p.m. PDT",5544,4842,3926,-1618
NEVP,"6/6/2022 1 p.m. PDT",5815,5139,4197,-1618
NEVP,"6/6/2022 2 p.m. PDT",6190,5470,4764,-1426
NEVP,"6/6/2022 3 p.m. PDT",6517,5844,5035,-1482
NEVP,"6/6/2022 4 p.m. PDT",6794,6143,5160,-1634
NEVP,"6/6/2022 5 p.m. PDT",7001,6394,5003,-1998
NEVP,"6/6/2022 6 p.m. PDT",7132,6401,4986,-2146
NEVP,"6/6/2022 7 p.m. PDT",7088,6304,4942,-2146
NEVP,"6/6/2022 8 p.m. PDT",6841,6021,4617,-2224
NEVP,"6/6/2022 9 p.m. PDT",6633,5717,4354,-2279
NEVP,"6/6/2022 10 p.m. PDT",6240,5491,4347,-1893
NEVP,"6/6/2022 11 p.m. PDT",5752,5170,4529,-1223
NEVP,"6/7/2022 12 a.m. PDT",5373,4802,4291,-1082
NEVP,"6/7/2022 1 a.m. PDT",4938,4535,3793,-1145
NEVP,"6/7/2022 2 a.m. PDT",4667,4301,3591,-1076
NEVP,"6/7/2022 3 a.m. PDT",4426,4075,3402,-1024
NEVP,"6/7/2022 4 a.m. PDT",4268,3900,3135,-1133
NEVP,"6/7/2022 5 a.m. PDT",4197,3866,3009,-1188
NEVP,"6/7/2022 6 a.m. PDT",4125,4010,3127,-998
NEVP,"6/7/2022 7 a.m. PDT",4217,4057,2930,-1287
NEVP,"6/7/2022 8 a.m. PDT",4533,4417,3444,-1089
NEVP,"6/7/2022 9 a.m. PDT",4878,4681,3555,-1323
NEVP,"6/7/2022 10 a.m. PDT",5161,5047,3654,-1507
NEVP,"6/7/2022 11 a.m. PDT",5391,5387,3757,-1634
NEVP,"6/7/2022 12 p.m. PDT",5853,5701,4051,-1802
NEVP,"6/7/2022 1 p.m. PDT",6181,6097,4176,-2005
NEVP,"6/7/2022 2 p.m. PDT",6509,6486,4516,-1993
NEVP,"6/7/2022 3 p.m. PDT",6806,6867,4586,-2220
NEVP,"6/7/2022 4 p.m. PDT",7132,7042,5104,-2028
NEVP,"6/7/2022 5 p.m. PDT",7387,7098,5099,-2288
NEVP,"6/7/2022 6 p.m. PDT",7495,7034,5282,-2213
NEVP,"6/7/2022 7 p.m. PDT",7383,6878,4862,-2521
NEVP,"6/7/2022 8 p.m. PDT",7104,6514,4251,-2853
NEVP,"6/7/2022 9 p.m. PDT",6833,6173,4355,-2478
NEVP,"6/7/2022 10 p.m. PDT",6532,5746,4567,-1965
NEVP,"6/7/2022 11 p.m. PDT",6007,5329,4376,-1631
NEVP,"6/8/2022 12 a.m. PDT",5549,4958,4212,-1337
NEVP,"6/8/2022 1 a.m. PDT",5164,4817,3926,-1238
NEVP,"6/8/2022 2 a.m. PDT",4921,4494,3952,-969
NEVP,"6/8/2022 3 a.m. PDT",4668,4261,3831,-837
NEVP,"6/8/2022 4 a.m. PDT",4498,4135,3919,-579
NEVP,"6/8/2022 5 a.m. PDT",4396,4110,3775,-621
NEVP,"6/8/2022 6 a.m. PDT",4319,4038,3626,-693
NEVP,"6/8/2022 7 a.m. PDT",4391,4149,3431,-960
NEVP,"6/8/2022 8 a.m. PDT",4750,4364,3554,-1196
NEVP,"6/8/2022 9 a.m. PDT",5077,4697,3795,-1282
NEVP,"6/8/2022 10 a.m. PDT",5444,5017,3895,-1549
NEVP,"6/8/2022 11 a.m. PDT",5812,5404,4154,-1658
NEVP,"6/8/2022 12 p.m. PDT",6156,5696,4295,-1861
NEVP,"6/8/2022 1 p.m. PDT",6491,6125,4587,-1904
NEVP,"6/8/2022 2 p.m. PDT",6845,6453,4957,-1888
NEVP,"6/8/2022 3 p.m. PDT",7205,6871,5022,-2183
NEVP,"6/8/2022 4 p.m. PDT",7458,7247,5166,-2292
NEVP,"6/8/2022 5 p.m. PDT",7676,7441,5174,-2502
NEVP,"6/8/2022 6 p.m. PDT",7622,7492,5246,-2376
NEVP,"6/8/2022 7 p.m. PDT",7400,7417,4998,-2402
NEVP,"6/8/2022 8 p.m. PDT",7080,7162,4527,-2553
NEVP,"6/8/2022 9 p.m. PDT",6811,6816,4465,-2346
NEVP,"6/8/2022 10 p.m. PDT",6421,6409,4328,-2093
NEVP,"6/8/2022 11 p.m. PDT",5978,5915,4077,-1901
NEVP,"6/9/2022 12 a.m. PDT",5525,5308,4183,-1342
NEVP,"6/9/2022 1 a.m. PDT",5176,4808,4179,-997
NEVP,"6/9/2022 2 a.m. PDT",4873,4497,3968,-905
NEVP,"6/9/2022 3 a.m. PDT",4702,4222,3685,-1017
NEVP,"6/9/2022 4 a.m. PDT",4546,4097,3474,-1072
NEVP,"6/9/2022 5 a.m. PDT",4436,3992,3308,-1128
NEVP,"6/9/2022 6 a.m. PDT",4356,4125,3450,-906
NEVP,"6/9/2022 7 a.m. PDT",4432,4225,3690,-742
NEVP,"6/9/2022 8 a.m. PDT",4810,4364,3735,-1075
NEVP,"6/9/2022 9 a.m. PDT",5166,4681,4021,-1145
NEVP,"6/9/2022 10 a.m. PDT",5537,5038,4426,-1111
NEVP,"6/9/2022 11 a.m. PDT",5901,5456,4624,-1277
NEVP,"6/9/2022 12 p.m. PDT",6312,5860,4749,-1563
NEVP,"6/9/2022 1 p.m. PDT",6699,6178,4804,-1895
NEVP,"6/9/2022 2 p.m. PDT",7113,6582,5357,-1756
NEVP,"6/9/2022 3 p.m. PDT",7434,6924,5896,-1538
NEVP,"6/9/2022 4 p.m. PDT",7742,7321,5760,-1982
NEVP,"6/9/2022 5 p.m. PDT",7880,7485,5404,-2476
NEVP,"6/9/2022 6 p.m. PDT",7739,7500,4890,-2849
NEVP,"6/9/2022 7 p.m. PDT",7472,7349,4355,-3117
NEVP,"6/9/2022 8 p.m. PDT",7195,7094,4285,-2910
NEVP,"6/9/2022 9 p.m. PDT",6976,6722,4199,-2777
NEVP,"6/9/2022 10 p.m. PDT",6568,6302,4174,-2394
NEVP,"6/9/2022 11 p.m. PDT",6070,5781,4399,-1671
NEVP,"6/10/2022 12 a.m. PDT",5601,5269,4319,-1282
NEVP,"6/10/2022 1 a.m. PDT",5202,4936,4011,-1191
NEVP,"6/10/2022 2 a.m. PDT",4906,4688,3744,-1162
NEVP,"6/10/2022 3 a.m. PDT",4665,4420,3522,-1143
NEVP,"6/10/2022 4 a.m. PDT",4489,4297,3393,-1096
NEVP,"6/10/2022 5 a.m. PDT",4395,4096,3472,-923
NEVP,"6/10/2022 6 a.m. PDT",4319,4310,3552,-767
NEVP,"6/10/2022 7 a.m. PDT",4417,4387,3504,-913
NEVP,"6/10/2022 8 a.m. PDT",4799,4864,3646,-1153
NEVP,"6/10/2022 9 a.m. PDT",5209,5262,4002,-1207
NEVP,"6/10/2022 10 a.m. PDT",5642,5659,4047,-1595
NEVP,"6/10/2022 11 a.m. PDT",6134,6045,4269,-1865
NEVP,"6/10/2022 12 p.m. PDT",6594,6456,4629,-1965
NEVP,"6/10/2022 1 p.m. PDT",6968,6957,4884,-2084
NEVP,"6/10/2022 2 p.m. PDT",7346,7459,5544,-1802
NEVP,"6/10/2022 3 p.m. PDT",7668,7813,5884,-1784
NEVP,"6/10/2022 4 p.m. PDT",7935,7985,6085,-1850
NEVP,"6/10/2022 5 p.m. PDT",8075,8075,6101,-1974
NEVP,"6/10/2022 6 p.m. PDT",8069,8011,5918,-2151
NEVP,"6/10/2022 7 p.m. PDT",7896,7969,5570,-2326
NEVP,"6/10/2022 8 p.m. PDT",7571,7677,5063,-2508
NEVP,"6/10/2022 9 p.m. PDT",7218,7240,4858,-2360
NEVP,"6/10/2022 10 p.m. PDT",6823,6812,4877,-1946
NEVP,"6/10/2022 11 p.m. PDT",6360,6267,4803,-1557
NEVP,"6/11/2022 12 a.m. PDT",5905,5860,4477,-1428
NEVP,"6/11/2022 1 a.m. PDT",5542,5066,4447,-1095
NEVP,"6/11/2022 2 a.m. PDT",5278,4793,4292,-986
NEVP,"6/11/2022 3 a.m. PDT",5053,4528,4036,-1017
NEVP,"6/11/2022 4 a.m. PDT",4876,4394,3438,-1438
NEVP,"6/11/2022 5 a.m. PDT",4769,4281,3286,-1483
NEVP,"6/11/2022 6 a.m. PDT",4636,4298,3195,-1441
NEVP,"6/11/2022 7 a.m. PDT",4622,4434,3562,-1060
NEVP,"6/11/2022 8 a.m. PDT",4966,4745,3724,-1242
NEVP,"6/11/2022 9 a.m. PDT",5388,5126,4156,-1232
NEVP,"6/11/2022 10 a.m. PDT",5862,5597,4258,-1604
NEVP,"6/11/2022 11 a.m. PDT",6290,6029,4269,-2021
NEVP,"6/11/2022 12 p.m. PDT",6604,6384,4421,-2183
NEVP,"6/11/2022 1 p.m. PDT",6854,6796,5106,-1748
NEVP,"6/11/2022 2 p.m. PDT",7109,7200,5542,-1567
NEVP,"6/11/2022 3 p.m. PDT",7347,7501,5987,-1360
NEVP,"6/11/2022 4 p.m. PDT",7592,7614,5993,-1599
NEVP,"6/11/2022 5 p.m. PDT",7781,7816,5887,-1894
NEVP,"6/11/2022 6 p.m. PDT",7828,7781,5796,-2032
NEVP,"6/11/2022 7 p.m. PDT",7714,7728,5279,-2435
NEVP,"6/11/2022 8 p.m. PDT",7378,7465,4801,-2577
NEVP,"6/11/2022 9 p.m. PDT",7091,7162,4745,-2346
NEVP,"6/11/2022 10 p.m. PDT",6747,6686,4637,-2110
NEVP,"6/11/2022 11 p.m. PDT",6330,6137,4664,-1666
NEVP,"6/12/2022 12 a.m. PDT",5905,5711,4585,-1321
NEVP,"6/12/2022 1 a.m. PDT",5511,5175,4570,-941
NEVP,"6/12/2022 2 a.m. PDT",5193,4841,4522,-671
NEVP,"6/12/2022 3 a.m. PDT",4928,4552,3956,-972
NEVP,"6/12/2022 4 a.m. PDT",4715,4383,3786,-929
NEVP,"6/12/2022 5 a.m. PDT",4559,4193,3674,-885
NEVP,"6/12/2022 6 a.m. PDT",4371,4215,3436,-935
NEVP,"6/12/2022 7 a.m. PDT",4359,4244,3424,-935
NEVP,"6/12/2022 8 a.m. PDT",4584,4410,3797,-787
NEVP,"6/12/2022 9 a.m. PDT",4915,4718,3916,-999
NEVP,"6/12/2022 10 a.m. PDT",5302,5053,4420,-882
NEVP,"6/12/2022 11 a.m. PDT",5682,5467,4625,-1057
NEVP,"6/12/2022 12 p.m. PDT",6022,5790,4077,-1945
NEVP,"6/12/2022 1 p.m. PDT",6285,6209,3993,-2292
NEVP,"6/12/2022 2 p.m. PDT",6512,6528,4181,-2331
NEVP,"6/12/2022 3 p.m. PDT",6762,6914,4479,-2283
NEVP,"6/12/2022 4 p.m. PDT",6992,6972,4744,-2248
NEVP,"6/12/2022 5 p.m. PDT",7131,7028,4922,-2209
NEVP,"6/12/2022 6 p.m. PDT",7154,7028,5115,-2039
NEVP,"6/12/2022 7 p.m. PDT",6953,6971,5057,-1896
NEVP,"6/12/2022 8 p.m. PDT",6631,6857,4577,-2054
NEVP,"6/12/2022 9 p.m. PDT",6390,6661,4386,-2004
NEVP,"6/12/2022 10 p.m. PDT",6112,6209,4435,-1677
NEVP,"6/12/2022 11 p.m. PDT",5774,5867,4339,-1435
NEVP,"6/13/2022 12 a.m. PDT",5432,5369,4141,-1292
NEVP,"6/13/2022 1 a.m. PDT",5149,4914,4073,-1076
NEVP,"6/13/2022 2 a.m. PDT",4894,4688,3781,-1113
NEVP,"6/13/2022 3 a.m. PDT",4699,4471,3817,-882
NEVP,"6/13/2022 4 a.m. PDT",4579,4365,3889,-690
NEVP,"6/13/2022 5 a.m. PDT",4519,4285,3623,-896
NEVP,"6/13/2022 6 a.m. PDT",4464,4177,3234,-1230
NEVP,"6/13/2022 7 a.m. PDT",4526,4332,3382,-1144
NEVP,"6/13/2022 8 a.m. PDT",4803,4509,3772,-1031
NEVP,"6/13/2022 9 a.m. PDT",5000,4636,3769,-1231
NEVP,"6/13/2022 10 a.m. PDT",5185,4734,3778,-1407
NEVP,"6/13/2022 11 a.m. PDT",5395,4958,3801,-1594
NEVP,"6/13/2022 12 p.m. PDT",5564,5164,3814,-1750
NEVP,"6/13/2022 1 p.m. PDT",5773,5482,3898,-1875
NEVP,"6/13/2022 2 p.m. PDT",5987,5693,4251,-1736
NEVP,"6/13/2022 3 p.m. PDT",6212,5910,4506,-1706
NEVP,"6/13/2022 4 p.m. PDT",6395,6185,4488,-1907
NEVP,"6/13/2022 5 p.m. PDT",6542,6314,4547,-1995
NEVP,"6/13/2022 6 p.m. PDT",6590,6220,4653,-1937
NEVP,"6/13/2022 7 p.m. PDT",6490,6247,4435,-2055
NEVP,"6/13/2022 8 p.m. PDT",6209,5900,4131,-2078
NEVP,"6/13/2022 9 p.m. PDT",5965,5743,4268,-1697
NEVP,"6/13/2022 10 p.m. PDT",5679,5393,4295,-1384
NEVP,"6/13/2022 11 p.m. PDT",5296,4984,4134,-1162
NEVP,"6/14/2022 12 a.m. PDT",4951,4675,3909,-1042
NEVP,"6/14/2022 1 a.m. PDT",4635,4365,3806,-829
NEVP,"6/14/2022 2 a.m. PDT",4366,4078,3570,-796
NEVP,"6/14/2022 3 a.m. PDT",4153,3902,3392,-761
NEVP,"6/14/2022 4 a.m. PDT",3989,3751,3075,-914
NEVP,"6/14/2022 5 a.m. PDT",3923,3679,2750,-1173
NEVP,"6/14/2022 6 a.m. PDT",3852,3705,2761,-1091
NEVP,"6/14/2022 7 a.m. PDT",3906,3726,2626,-1280
NEVP,"6/14/2022 8 a.m. PDT",4123,3845,3385,-738
NEVP,"6/14/2022 9 a.m. PDT",4252,4049,3595,-657
NEVP,"6/14/2022 10 a.m. PDT",4374,4199,3673,-701
NEVP,"6/14/2022 11 a.m. PDT",4496,4381,3783,-713
NEVP,"6/14/2022 12 p.m. PDT",4614,4620,3813,-801
NEVP,"6/14/2022 1 p.m. PDT",4819,4870,3683,-1136
NEVP,"6/14/2022 2 p.m. PDT",5078,5064,3693,-1385
NEVP,"6/14/2022 3 p.m. PDT",5350,5319,3609,-1741
NEVP,"6/14/2022 4 p.m. PDT",5633,5649,3748,-1885
NEVP,"6/14/2022 5 p.m. PDT",5885,5896,4068,-1817
NEVP,"6/14/2022 6 p.m. PDT",6041,5971,4283,-1758
NEVP,"6/14/2022 7 p.m. PDT",6030,5970,4167,-1863
NEVP,"6/14/2022 8 p.m. PDT",5843,5732,3911,-1932
NEVP,"6/14/2022 9 p.m. PDT",5630,5578,3983,-1647
NEVP,"6/14/2022 10 p.m. PDT",5338,5281,4102,-1236
NEVP,"6/14/2022 11 p.m. PDT",4969,4941,3981,-988
NEVP,"6/15/2022 12 a.m. PDT",4581,4733,3742,-839
NEVP,"6/15/2022 1 a.m. PDT",4265,4320,3674,-591
NEVP,"6/15/2022 2 a.m. PDT",4042,4131,3753,-289
NEVP,"6/15/2022 3 a.m. PDT",3855,4005,3772,-83
NEVP,"6/15/2022 4 a.m. PDT",3766,3905,3683,-83
NEVP,"6/15/2022 5 a.m. PDT",3722,3859,3483,-239
NEVP,"6/15/2022 6 a.m. PDT",3691,3860,3187,-504
NEVP,"6/15/2022 7 a.m. PDT",3787,3972,2742,-1045
NEVP,"6/15/2022 8 a.m. PDT",4035,4086,3541,-494
NEVP,"6/15/2022 9 a.m. PDT",4280,4330,3771,-509
NEVP,"6/15/2022 10 a.m. PDT",4554,4616,3946,-608
NEVP,"6/15/2022 11 a.m. PDT",4808,4901,3899,-909
NEVP,"6/15/2022 12 p.m. PDT",5085,5224,3957,-1128
NEVP,"6/15/2022 1 p.m. PDT",5391,5683,3944,-1447
NEVP,"6/15/2022 2 p.m. PDT",5702,6056,4088,-1614
NEVP,"6/15/2022 3 p.m. PDT",6070,6354,4348,-1722
NEVP,"6/15/2022 4 p.m. PDT",6457,6707,5112,-1345
NEVP,"6/15/2022 5 p.m. PDT",6774,6957,5296,-1478
NEVP,"6/15/2022 6 p.m. PDT",6932,6883,5265,-1667
NEVP,"6/15/2022 7 p.m. PDT",6903,6937,4908,-1995
NEVP,"6/15/2022 8 p.m. PDT",6643,6499,4552,-2091
NEVP,"6/15/2022 9 p.m. PDT",6186,6249,4157,-2029
NEVP,"6/15/2022 10 p.m. PDT",5875,6053,4134,-1741
NEVP,"6/15/2022 11 p.m. PDT",5435,5566,4103,-1332
NEVP,"6/16/2022 12 a.m. PDT",4989,5192,3423,-1566
NEVP,"6/16/2022 1 a.m. PDT",4630,4382,3072,-1558
NEVP,"6/16/2022 2 a.m. PDT",4358,4149,2890,-1468
NEVP,"6/16/2022 3 a.m. PDT",4139,3998,2717,-1422
NEVP,"6/16/2022 4 a.m. PDT",4008,3865,2986,-1022
NEVP,"6/16/2022 5 a.m. PDT",3945,3797,2825,-1120
NEVP,"6/16/2022 6 a.m. PDT",3914,3728,2409,-1505
NEVP,"6/16/2022 7 a.m. PDT",4021,3817,2687,-1334
NEVP,"6/16/2022 8 a.m. PDT",4309,4649,3413,-896
NEVP,"6/16/2022 9 a.m. PDT",4646,5002,3681,-965
NEVP,"6/16/2022 10 a.m. PDT",4997,5396,3912,-1085
NEVP,"6/16/2022 11 a.m. PDT",5349,5793,4182,-1167
NEVP,"6/16/2022 12 p.m. PDT",5748,6093,4227,-1521
NEVP,"6/16/2022 1 p.m. PDT",6221,6350,4436,-1785
NEVP,"6/16/2022 2 p.m. PDT",6650,6562,4749,-1901
NEVP,"6/16/2022 3 p.m. PDT",7042,6790,4817,-2225
NEVP,"6/16/2022 4 p.m. PDT",7333,7038,5131,-2202
NEVP,"6/16/2022 5 p.m. PDT",7544,7197,5458,-2086
NEVP,"6/16/2022 6 p.m. PDT",7600,7304,5415,-2185
NEVP,"6/16/2022 7 p.m. PDT",7454,7239,5366,-2088
NEVP,"6/16/2022 8 p.m. PDT",7112,6913,4992,-2120
NEVP,"6/16/2022 9 p.m. PDT",6765,6570,4763,-2002
NEVP,"6/16/2022 10 p.m. PDT",6410,6229,4544,-1866
NEVP,"6/16/2022 11 p.m. PDT",5932,5819,4431,-1501
NEVP,"6/17/2022 12 a.m. PDT",5479,5351,4289,-1190
NEVP,"6/17/2022 1 a.m. PDT",5089,4608,4172,-917
NEVP,"6/17/2022 2 a.m. PDT",4809,4350,3895,-914
NEVP,"6/17/2022 3 a.m. PDT",4607,4108,3607,-1000
NEVP,"6/17/2022 4 a.m. PDT",4444,3966,3274,-1170
NEVP,"6/17/2022 5 a.m. PDT",4369,3847,3252,-1117
NEVP,"6/17/2022 6 a.m. PDT",4314,3877,3277,-1037
NEVP,"6/17/2022 7 a.m. PDT",4383,3979,2984,-1399
NEVP,"6/17/2022 8 a.m. PDT",4655,4202,3563,-1092
NEVP,"6/17/2022 9 a.m. PDT",4967,4347,3822,-1145
NEVP,"6/17/2022 10 a.m. PDT",5220,4618,3988,-1232
NEVP,"6/17/2022 11 a.m. PDT",5511,4886,4194,-1317
NEVP,"6/17/2022 12 p.m. PDT",5784,5157,4446,-1338
NEVP,"6/17/2022 1 p.m. PDT",6033,5441,4345,-1688
NEVP,"6/17/2022 2 p.m. PDT",6282,5713,4191,-2091
NEVP,"6/17/2022 3 p.m. PDT",6525,6017,3999,-2526
NEVP,"6/17/2022 4 p.m. PDT",6669,6272,4086,-2583
NEVP,"6/17/2022 5 p.m. PDT",6785,6490,4169,-2616
NEVP,"6/17/2022 6 p.m. PDT",6734,6551,4472,-2262
NEVP,"6/17/2022 7 p.m. PDT",6465,6507,4306,-2159
NEVP,"6/17/2022 8 p.m. PDT",6106,6322,3766,-2340
NEVP,"6/17/2022 9 p.m. PDT",5878,6115,3760,-2118
NEVP,"6/17/2022 10 p.m. PDT",5558,5770,3601,-1957
NEVP,"6/17/2022 11 p.m. PDT",5197,5363,3709,-1488
NEVP,"6/18/2022 12 a.m. PDT",4842,4959,3508,-1334
NEVP,"6/18/2022 1 a.m. PDT",4512,4523,3346,-1166
NEVP,"6/18/2022 2 a.m. PDT",4269,4285,3158,-1111
NEVP,"6/18/2022 3 a.m. PDT",4086,4088,3208,-878
NEVP,"6/18/2022 4 a.m. PDT",3960,3908,3068,-892
NEVP,"6/18/2022 5 a.m. PDT",3867,3809,2975,-892
NEVP,"6/18/2022 6 a.m. PDT",3770,3806,2757,-1013
NEVP,"6/18/2022 7 a.m. PDT",3752,3833,2467,-1285
NEVP,"6/18/2022 8 a.m. PDT",3860,4044,2531,-1329
NEVP,"6/18/2022 9 a.m. PDT",4002,4200,2739,-1263
NEVP,"6/18/2022 10 a.m. PDT",4179,4356,3186,-993
NEVP,"6/18/2022 11 a.m. PDT",4383,4561,3422,-961
NEVP,"6/18/2022 12 p.m. PDT",4542,4733,3251,-1291
NEVP,"6/18/2022 1 p.m. PDT",4621,4888,3110,-1511
NEVP,"6/18/2022 2 p.m. PDT",4702,5041,2919,-1783
NEVP,"6/18/2022 3 p.m. PDT",4860,5196,2875,-1985
NEVP,"6/18/2022 4 p.m. PDT",5069,5379,3026,-2043
NEVP,"6/18/2022 5 p.m. PDT",5249,5541,3106,-2143
NEVP,"6/18/2022 6 p.m. PDT",5382,5613,3274,-2108
NEVP,"6/18/2022 7 p.m. PDT",5308,5593,3127,-2181
NEVP,"6/18/2022 8 p.m. PDT",5113,5466,3018,-2095
NEVP,"6/18/2022 9 p.m. PDT",5004,5262,3229,-1775
NEVP,"6/18/2022 10 p.m. PDT",4824,4970,3393,-1431
NEVP,"6/18/2022 11 p.m. PDT",4575,4661,3505,-1070
NEVP,"6/19/2022 12 a.m. PDT",4233,4349,3312,-921
NEVP,"6/19/2022 1 a.m. PDT",3959,4141,3347,-612
NEVP,"6/19/2022 2 a.m. PDT",3764,3959,3433,-331
NEVP,"6/19/2022 3 a.m. PDT",3604,3827,3287,-317
NEVP,"6/19/2022 4 a.m. PDT",3486,3771,3135,-351
NEVP,"6/19/2022 5 a.m. PDT",3431,3693,3034,-397
NEVP,"6/19/2022 6 a.m. PDT",3346,3666,2979,-367
NEVP,"6/19/2022 7 a.m. PDT",3316,3633,2627,-689
NEVP,"6/19/2022 8 a.m. PDT",3414,3610,2708,-706
NEVP,"6/19/2022 9 a.m. PDT",3586,3737,2805,-781
NEVP,"6/19/2022 10 a.m. PDT",3746,3824,2889,-857
NEVP,"6/19/2022 11 a.m. PDT",3898,3913,2918,-980
NEVP,"6/19/2022 12 p.m. PDT",4110,4096,2975,-1135
NEVP,"6/19/2022 1 p.m. PDT",4277,4281,3132,-1145
NEVP,"6/19/2022 2 p.m. PDT",4443,4490,3133,-1310
NEVP,"6/19/2022 3 p.m. PDT",4715,4713,3252,-1463
NEVP,"6/19/2022 4 p.m. PDT",4994,4931,3400,-1594
NEVP,"6/19/2022 5 p.m. PDT",5178,5145,3546,-1632
NEVP,"6/19/2022 6 p.m. PDT",5292,5293,3600,-1692
NEVP,"6/19/2022 7 p.m. PDT",5273,5231,3340,-1933
NEVP,"6/19/2022 8 p.m. PDT",5043,5135,3006,-2037
NEVP,"6/19/2022 9 p.m. PDT",4929,4976,3297,-1632
NEVP,"6/19/2022 10 p.m. PDT",4793,4765,3022,-1771
NEVP,"6/19/2022 11 p.m. PDT",4499,4417,3187,-1312
NEVP,"6/20/2022 12 a.m. PDT",4204,4094,3435,-769
NEVP,"6/20/2022 1 a.m. PDT",3955,3620,3425,-530
NEVP,"6/20/2022 2 a.m. PDT",3761,3502,3450,-311
NEVP,"6/20/2022 3 a.m. PDT",3652,3371,3391,-261
NEVP,"6/20/2022 4 a.m. PDT",3585,3346,3313,-272
NEVP,"6/20/2022 5 a.m. PDT",3579,3269,3345,-234
NEVP,"6/20/2022 6 a.m. PDT",3571,3314,3058,-513
NEVP,"6/20/2022 7 a.m. PDT",3651,3476,3214,-437
NEVP,"6/20/2022 8 a.m. PDT",3833,3626,3494,-339
NEVP,"6/20/2022 9 a.m. PDT",4101,3751,3772,-329
NEVP,"6/20/2022 10 a.m. PDT",4307,3906,3546,-761
NEVP,"6/20/2022 11 a.m. PDT",4500,4064,3581,-919
NEVP,"6/20/2022 12 p.m. PDT",4689,4242,3595,-1094
NEVP,"6/20/2022 1 p.m. PDT",4886,4424,3708,-1178
NEVP,"6/20/2022 2 p.m. PDT",5103,4623,3862,-1241
NEVP,"6/20/2022 3 p.m. PDT",5390,4859,4238,-1152
NEVP,"6/20/2022 4 p.m. PDT",5642,5089,4371,-1271
NEVP,"6/20/2022 5 p.m. PDT",5895,5334,4630,-1265
NEVP,"6/20/2022 6 p.m. PDT",6013,5487,4895,-1118
NEVP,"6/20/2022 7 p.m. PDT",5974,5421,4603,-1371
NEVP,"6/20/2022 8 p.m. PDT",5764,5225,4040,-1724
NEVP,"6/20/2022 9 p.m. PDT",5530,4984,4087,-1443
NEVP,"6/20/2022 10 p.m. PDT",5225,4764,3821,-1404
NEVP,"6/20/2022 11 p.m. PDT",4861,4460,3360,-1501
NEVP,"6/21/2022 12 a.m. PDT",4489,4127,3159,-1330
NEVP,"6/21/2022 1 a.m. PDT",4179,3863,3428,-751
NEVP,"6/21/2022 2 a.m. PDT",3956,3646,3522,-434
NEVP,"6/21/2022 3 a.m. PDT",3798,3518,3166,-632
NEVP,"6/21/2022 4 a.m. PDT",3704,3418,3101,-603
NEVP,"6/21/2022 5 a.m. PDT",3676,3453,3208,-468
NEVP,"6/21/2022 6 a.m. PDT",3656,3459,3297,-359
NEVP,"6/21/2022 7 a.m. PDT",3747,3496,3218,-529
NEVP,"6/21/2022 8 a.m. PDT",4020,3668,3676,-344
NEVP,"6/21/2022 9 a.m. PDT",4280,3803,3840,-440
NEVP,"6/21/2022 10 a.m. PDT",4535,4029,3869,-666
NEVP,"6/21/2022 11 a.m. PDT",4811,4296,3915,-896
NEVP,"6/21/2022 12 p.m. PDT",5058,4532,3872,-1186
NEVP,"6/21/2022 1 p.m. PDT",5356,4759,3881,-1475
NEVP,"6/21/2022 2 p.m. PDT",5684,5025,4105,-1579
NEVP,"6/21/2022 3 p.m. PDT",6032,5323,4331,-1701
NEVP,"6/21/2022 4 p.m. PDT",6378,5680,4760,-1618
NEVP,"6/21/2022 5 p.m. PDT",6657,5992,5166,-1491
NEVP,"6/21/2022 6 p.m. PDT",6788,6145,5399,-1389
NEVP,"6/21/2022 7 p.m. PDT",6765,6107,5327,-1438
NEVP,"6/21/2022 8 p.m. PDT",6528,5716,5032,-1496
NEVP,"6/21/2022 9 p.m. PDT",6225,5342,4855,-1370
NEVP,"6/21/2022 10 p.m. PDT",5854,5072,4504,-1350
NEVP,"6/21/2022 11 p.m. PDT",5404,4716,4220,-1184
NEVP,"6/22/2022 12 a.m. PDT",4989,4256,3533,-1456
NEVP,"6/22/2022 1 a.m. PDT",4633,4240,3257,-1376
NEVP,"6/22/2022 2 a.m. PDT",4383,4023,3195,-1188
NEVP,"6/22/2022 3 a.m. PDT",4222,3834,3217,-1005
NEVP,"6/22/2022 4 a.m. PDT",4124,3659,3080,-1044
NEVP,"6/22/2022 5 a.m. PDT",4176,3625,2961,-1215
NEVP,"6/22/2022 6 a.m. PDT",4292,3616,2478,-1814
NEVP,"6/22/2022 7 a.m. PDT",4354,3753,2619,-1735
NEVP,"6/22/2022 8 a.m. PDT",4589,4197,3382,-1207
NEVP,"6/22/2022 9 a.m. PDT",4777,4471,3399,-1378
NEVP,"6/22/2022 10 a.m. PDT",5084,4768,3574,-1510
NEVP,"6/22/2022 11 a.m. PDT",5357,4998,3689,-1668
NEVP,"6/22/2022 12 p.m. PDT",5561,5293,4136,-1425
NEVP,"6/22/2022 1 p.m. PDT",5551,5522,4458,-1093
NEVP,"6/22/2022 2 p.m. PDT",5674,5721,4919,-755
NEVP,"6/22/2022 3 p.m. PDT",5941,6025,4988,-953
NEVP,"6/22/2022 4 p.m. PDT",6066,6228,4966,-1100
NEVP,"6/22/2022 5 p.m. PDT",6224,6358,4710,-1514
NEVP,"6/22/2022 6 p.m. PDT",6141,6487,4772,-1369
NEVP,"6/22/2022 7 p.m. PDT",5826,6295,4253,-1573
NEVP,"6/22/2022 8 p.m. PDT",5618,6036,4056,-1562
NEVP,"6/22/2022 9 p.m. PDT",5558,5747,3959,-1599
NEVP,"6/22/2022 10 p.m. PDT",5398,5535,3721,-1677
NEVP,"6/22/2022 11 p.m. PDT",5120,5161,3731,-1389
NEVP,"6/23/2022 12 a.m. PDT",4786,4868,3100,-1686
NEVP,"6/23/2022 1 a.m. PDT",4497,4177,3009,-1488
NEVP,"6/23/2022 2 a.m. PDT",4013,3900,2337,-1676
NEVP,"6/23/2022 3 a.m. PDT",4383,3712,2904,-1479
NEVP,"6/23/2022 4 a.m. PDT",4014,3626,2408,-1606
NEVP,"6/23/2022 5 a.m. PDT",3984,3614,2468,-1516
NEVP,"6/23/2022 6 a.m. PDT",3960,3679,2575,-1385
NEVP,"6/23/2022 7 a.m. PDT",4046,3816,2619,-1427
NEVP,"6/23/2022 8 a.m. PDT",4308,3958,3490,-818
NEVP,"6/23/2022 9 a.m. PDT",4640,4215,3688,-952
NEVP,"6/23/2022 10 a.m. PDT",4959,4487,3914,-1045
NEVP,"6/23/2022 11 a.m. PDT",5280,4752,4240,-1040
NEVP,"6/23/2022 12 p.m. PDT",5585,5019,4548,-1037
NEVP,"6/23/2022 1 p.m. PDT",5805,5275,4877,-928
NEVP,"6/23/2022 2 p.m. PDT",6283,5556,5326,-957
NEVP,"6/23/2022 3 p.m. PDT",6621,5832,5357,-1264
NEVP,"6/23/2022 4 p.m. PDT",6867,6090,5319,-1548
NEVP,"6/23/2022 5 p.m. PDT",7031,6281,5014,-2017
NEVP,"6/23/2022 6 p.m. PDT",6980,6332,4931,-2049
NEVP,"6/23/2022 7 p.m. PDT",6831,6223,4723,-2108
NEVP,"6/23/2022 8 p.m. PDT",6562,5925,4113,-2449
NEVP,"6/23/2022 9 p.m. PDT",6331,5690,4308,-2023
NEVP,"6/23/2022 10 p.m. PDT",6040,5354,4320,-1720
NEVP,"6/23/2022 11 p.m. PDT",5643,4977,4243,-1400
NEVP,"6/24/2022 12 a.m. PDT",5229,4602,4020,-1209
NEVP,"6/24/2022 1 a.m. PDT",4892,4322,3207,-1685
NEVP,"6/24/2022 2 a.m. PDT",4614,4074,3057,-1557
NEVP,"6/24/2022 3 a.m. PDT",4384,3815,2772,-1612
NEVP,"6/24/2022 4 a.m. PDT",4237,3664,2769,-1468
NEVP,"6/24/2022 5 a.m. PDT",4167,3622,2965,-1202
NEVP,"6/24/2022 6 a.m. PDT",4114,3697,2936,-1178
NEVP,"6/24/2022 7 a.m. PDT",4208,3831,2868,-1340
NEVP,"6/24/2022 8 a.m. PDT",4566,4048,3600,-966
NEVP,"6/24/2022 9 a.m. PDT",4914,4249,3886,-1028
NEVP,"6/24/2022 10 a.m. PDT",5253,4457,4193,-1060
NEVP,"6/24/2022 11 a.m. PDT",5616,4744,4450,-1166
NEVP,"6/24/2022 12 p.m. PDT",5925,5030,4577,-1348
NEVP,"6/24/2022 1 p.m. PDT",6295,5393,4871,-1424
NEVP,"6/24/2022 2 p.m. PDT",6601,5746,5215,-1386
NEVP,"6/24/2022 3 p.m. PDT",6903,6087,5359,-1544
NEVP,"6/24/2022 4 p.m. PDT",7148,6407,5356,-1792
NEVP,"6/24/2022 5 p.m. PDT",7308,6566,5341,-1967
NEVP,"6/24/2022 6 p.m. PDT",7361,6548,5246,-2115
NEVP,"6/24/2022 7 p.m. PDT",7235,6372,5084,-2151
NEVP,"6/24/2022 8 p.m. PDT",6913,6061,4797,-2116
NEVP,"6/24/2022 9 p.m. PDT",6593,5714,4773,-1820
NEVP,"6/24/2022 10 p.m. PDT",6220,5368,4658,-1562
NEVP,"6/24/2022 11 p.m. PDT",5791,5000,4515,-1276
NEVP,"6/25/2022 12 a.m. PDT",5356,4654,4202,-1154
NEVP,"6/25/2022 1 a.m. PDT",4967,4470,4041,-926
NEVP,"6/25/2022 2 a.m. PDT",4643,4179,3601,-1042
NEVP,"6/25/2022 3 a.m. PDT",4414,3906,3254,-1160
NEVP,"6/25/2022 4 a.m. PDT",4232,3757,3050,-1182
NEVP,"6/25/2022 5 a.m. PDT",4126,3730,3223,-903
NEVP,"6/25/2022 6 a.m. PDT",4001,3807,3278,-723
NEVP,"6/25/2022 7 a.m. PDT",4008,3944,3404,-604
NEVP,"6/25/2022 8 a.m. PDT",4315,3987,3566,-749
NEVP,"6/25/2022 9 a.m. PDT",4675,4272,3417,-1258
NEVP,"6/25/2022 10 a.m. PDT",5060,4625,3506,-1554
NEVP,"6/25/2022 11 a.m. PDT",5458,5003,3923,-1535
NEVP,"6/25/2022 12 p.m. PDT",5826,5394,4022,-1804
NEVP,"6/25/2022 1 p.m. PDT",6222,5697,4165,-2057
NEVP,"6/25/2022 2 p.m. PDT",6614,6050,4680,-1934
NEVP,"6/25/2022 3 p.m. PDT",6964,6379,4955,-2009
NEVP,"6/25/2022 4 p.m. PDT",7274,6653,5299,-1975
NEVP,"6/25/2022 5 p.m. PDT",7437,6854,5409,-2028
NEVP,"6/25/2022 6 p.m. PDT",7472,6934,5370,-2102
NEVP,"6/25/2022 7 p.m. PDT",7334,6760,5174,-2160
NEVP,"6/25/2022 8 p.m. PDT",7089,6400,4814,-2275
NEVP,"6/25/2022 9 p.m. PDT",6822,6023,4818,-2004
NEVP,"6/25/2022 10 p.m. PDT",6490,5670,4627,-1863
NEVP,"6/25/2022 11 p.m. PDT",6068,5289,4611,-1457
NEVP,"6/26/2022 12 a.m. PDT",5640,4855,4301,-1339
NEVP,"6/26/2022 1 a.m. PDT",5242,4459,4188,-1054
NEVP,"6/26/2022 2 a.m. PDT",4888,4164,3898,-990
NEVP,"6/26/2022 3 a.m. PDT",4627,3903,3846,-781
NEVP,"6/26/2022 4 a.m. PDT",4433,3746,3549,-884
NEVP,"6/26/2022 5 a.m. PDT",4306,3703,3205,-1101
NEVP,"6/26/2022 6 a.m. PDT",4150,3770,3108,-1042
NEVP,"6/26/2022 7 a.m. PDT",4119,3916,2877,-1242
NEVP,"6/26/2022 8 a.m. PDT",4407,4097,3139,-1268
NEVP,"6/26/2022 9 a.m. PDT",4792,4375,3476,-1316
NEVP,"6/26/2022 10 a.m. PDT",5205,4747,3951,-1254
NEVP,"6/26/2022 11 a.m. PDT",5638,5125,4071,-1567
NEVP,"6/26/2022 12 p.m. PDT",6019,5461,4633,-1386
NEVP,"6/26/2022 1 p.m. PDT",6450,5814,5390,-1060
NEVP,"6/26/2022 2 p.m. PDT",6839,6132,5849,-990
NEVP,"6/26/2022 3 p.m. PDT",7217,6456,5676,-1541
NEVP,"6/26/2022 4 p.m. PDT",7532,6705,5732,-1800
NEVP,"6/26/2022 5 p.m. PDT",7734,6887,5902,-1832
NEVP,"6/26/2022 6 p.m. PDT",7817,6928,5749,-2068
NEVP,"6/26/2022 7 p.m. PDT",7748,6805,5546,-2202
NEVP,"6/26/2022 8 p.m. PDT",7457,6534,5242,-2215
NEVP,"6/26/2022 9 p.m. PDT",7144,6114,5047,-2097
NEVP,"6/26/2022 10 p.m. PDT",6815,5754,4864,-1951
NEVP,"6/26/2022 11 p.m. PDT",6428,5358,4665,-1763
NEVP,"6/27/2022 12 a.m. PDT",5975,4910,4151,-1824
NEVP,"6/27/2022 1 a.m. PDT",5602,4579,3875,-1728
NEVP,"6/27/2022 2 a.m. PDT",5303,4278,3715,-1588
NEVP,"6/27/2022 3 a.m. PDT",5037,4027,3574,-1463
NEVP,"6/27/2022 4 a.m. PDT",4840,3878,3568,-1272
NEVP,"6/27/2022 5 a.m. PDT",4745,3828,3409,-1336
NEVP,"6/27/2022 6 a.m. PDT",4654,3889,3357,-1297
NEVP,"6/27/2022 7 a.m. PDT",4699,4062,3415,-1284
NEVP,"6/27/2022 8 a.m. PDT",5011,4290,3898,-1113
NEVP,"6/27/2022 9 a.m. PDT",5351,4553,4081,-1270
NEVP,"6/27/2022 10 a.m. PDT",5694,4914,4250,-1444
NEVP,"6/27/2022 11 a.m. PDT",6048,5269,4402,-1646
NEVP,"6/27/2022 12 p.m. PDT",6388,5651,4915,-1473
NEVP,"6/27/2022 1 p.m. PDT",6754,6027,5187,-1567
NEVP,"6/27/2022 2 p.m. PDT",7123,6390,5440,-1683
NEVP,"6/27/2022 3 p.m. PDT",7506,6729,5901,-1605
NEVP,"6/27/2022 4 p.m. PDT",7802,6999,5614,-2188
NEVP,"6/27/2022 5 p.m. PDT",7993,7170,5584,-2409
NEVP,"6/27/2022 6 p.m. PDT",8076,7207,5485,-2591
NEVP,"6/27/2022 7 p.m. PDT",7992,7065,5198,-2794
NEVP,"6/27/2022 8 p.m. PDT",7685,6708,4982,-2703
NEVP,"6/27/2022 9 p.m. PDT",7306,6288,4628,-2678
NEVP,"6/27/2022 10 p.m. PDT",6851,5928,4373,-2478
NEVP,"6/27/2022 11 p.m. PDT",6332,5511,4206,-2126
NEVP,"6/28/2022 12 a.m. PDT",5857,5103,4007,-1850
NEVP,"6/28/2022 1 a.m. PDT",5480,5386,4223,-1257
NEVP,"6/28/2022 2 a.m. PDT",5194,5044,3953,-1241
NEVP,"6/28/2022 3 a.m. PDT",4985,4838,3628,-1357
NEVP,"6/28/2022 4 a.m. PDT",4800,4669,3597,-1203
NEVP,"6/28/2022 5 a.m. PDT",4708,4543,3371,-1337
NEVP,"6/28/2022 6 a.m. PDT",4617,4580,3325,-1292
NEVP,"6/28/2022 7 a.m. PDT",4686,4701,3349,-1337
NEVP,"6/28/2022 8 a.m. PDT",5049,4832,3956,-1093
NEVP,"6/28/2022 9 a.m. PDT",5451,5169,4128,-1323
NEVP,"6/28/2022 10 a.m. PDT",5869,5582,4452,-1417
NEVP,"6/28/2022 11 a.m. PDT",6284,6020,4932,-1352
NEVP,"6/28/2022 12 p.m. PDT",6716,6412,5169,-1547
NEVP,"6/28/2022 1 p.m. PDT",7293,6690,5469,-1824
NEVP,"6/28/2022 2 p.m. PDT",7569,7058,5516,-2053
NEVP,"6/28/2022 3 p.m. PDT",7858,7453,5398,-2460
NEVP,"6/28/2022 4 p.m. PDT",7963,7651,5794,-2169
NEVP,"6/28/2022 5 p.m. PDT",8023,7747,5818,-2205
NEVP,"6/28/2022 6 p.m. PDT",7927,7709,5669,-2258
NEVP,"6/28/2022 7 p.m. PDT",7813,7525,5469,-2344
NEVP,"6/28/2022 8 p.m. PDT",7614,7415,5189,-2425
NEVP,"6/28/2022 9 p.m. PDT",7390,7080,4993,-2397
NEVP,"6/28/2022 10 p.m. PDT",7077,6719,4829,-2248
NEVP,"6/28/2022 11 p.m. PDT",6631,6237,4806,-1825
NEVP,"6/29/2022 12 a.m. PDT",6158,5755,4726,-1432
NEVP,"6/29/2022 1 a.m. PDT",5789,5252,4675,-1114
NEVP,"6/29/2022 2 a.m. PDT",5446,4888,4243,-1203
NEVP,"6/29/2022 3 a.m. PDT",5195,4628,4095,-1100
NEVP,"6/29/2022 4 a.m. PDT",5020,4497,3788,-1232
NEVP,"6/29/2022 5 a.m. PDT",4908,4405,3864,-1044
NEVP,"6/29/2022 6 a.m. PDT",4821,4402,3807,-1014
NEVP,"6/29/2022 7 a.m. PDT",4824,4540,3602,-1222
NEVP,"6/29/2022 8 a.m. PDT",5153,4727,3770,-1383
NEVP,"6/29/2022 9 a.m. PDT",5572,5149,4285,-1287
NEVP,"6/29/2022 10 a.m. PDT",6001,5568,4643,-1358
NEVP,"6/29/2022 11 a.m. PDT",6450,5927,5188,-1262
NEVP,"6/29/2022 12 p.m. PDT",6797,6189,5510,-1287
NEVP,"6/29/2022 1 p.m. PDT",7156,6491,5749,-1407
NEVP,"6/29/2022 2 p.m. PDT",7483,6778,6007,-1476
NEVP,"6/29/2022 3 p.m. PDT",7692,7088,5816,-1876
NEVP,"6/29/2022 4 p.m. PDT",7857,7396,6307,-1550
NEVP,"6/29/2022 5 p.m. PDT",7993,7564,6239,-1754
NEVP,"6/29/2022 6 p.m. PDT",8043,7606,6280,-1763
NEVP,"6/29/2022 7 p.m. PDT",7939,7398,5791,-2148
NEVP,"6/29/2022 8 p.m. PDT",7620,7140,5198,-2422
NEVP,"6/29/2022 9 p.m. PDT",7310,6732,5223,-2087
NEVP,"6/29/2022 10 p.m. PDT",6922,6395,4893,-2029
NEVP,"6/29/2022 11 p.m. PDT",6499,5939,4800,-1699
NEVP,"6/30/2022 12 a.m. PDT",6035,5544,4695,-1340
NEVP,"6/30/2022 1 a.m. PDT",5670,4991,4744,-926
NEVP,"6/30/2022 2 a.m. PDT",5383,4695,4618,-765
NEVP,"6/30/2022 3 a.m. PDT",5170,4490,4567,-603
NEVP,"6/30/2022 4 a.m. PDT",4996,4346,4423,-573
NEVP,"6/30/2022 5 a.m. PDT",4896,4280,4208,-688
NEVP,"6/30/2022 6 a.m. PDT",4842,4293,3928,-914
NEVP,"6/30/2022 7 a.m. PDT",4855,4390,3931,-924
NEVP,"6/30/2022 8 a.m. PDT",5128,4660,4116,-1012
NEVP,"6/30/2022 9 a.m. PDT",5422,4886,4133,-1289
NEVP,"6/30/2022 10 a.m. PDT",5755,5214,4656,-1099
NEVP,"6/30/2022 11 a.m. PDT",6123,5539,5049,-1074
NEVP,"6/30/2022 12 p.m. PDT",6468,5777,5506,-962
NEVP,"6/30/2022 1 p.m. PDT",6766,6115,5773,-993
NEVP,"6/30/2022 2 p.m. PDT",7047,6385,5820,-1227
NEVP,"6/30/2022 3 p.m. PDT",7288,6653,5820,-1468
NEVP,"6/30/2022 4 p.m. PDT",7540,6903,6158,-1382
NEVP,"6/30/2022 5 p.m. PDT",7666,6974,6253,-1413
NEVP,"6/30/2022 6 p.m. PDT",7696,6917,6312,-1384
NEVP,"6/30/2022 7 p.m. PDT",7567,6650,5903,-1664
NEVP,"6/30/2022 8 p.m. PDT",7292,6352,5118,-2174
NEVP,"6/30/2022 9 p.m. PDT",6982,6125,5129,-1853
NEVP,"6/30/2022 10 p.m. PDT",6634,5832,5091,-1543
NEVP,"6/30/2022 11 p.m. PDT",6219,5467,4904,-1315
NEVP,"7/1/2022 12 a.m. PDT",5787,5204,4691,-1096
