"BA Code","Timestamp (Hour Ending)","Demand (MWh)","Demand Forecast (MWh)","Net Generation (MWh)","Total Interchange (MWh)"
NEVP,"9/1/2022 12 a.m. PDT",5852,5637,4807,-1045
NEVP,"9/1/2022 1 a.m. PDT",5440,5179,4769,-671
NEVP,"9/1/2022 2 a.m. PDT",5150,4880,4686,-464
NEVP,"9/1/2022 3 a.m. PDT",4931,4637,4392,-539
NEVP,"9/1/2022 4 a.m. PDT",4768,4521,4100,-668
NEVP,"9/1/2022 5 a.m. PDT",4689,4436,4339,-350
NEVP,"9/1/2022 6 a.m. PDT",4702,4479,4407,-295
NEVP,"9/1/2022 7 a.m. PDT",4718,4490,4390,-328
NEVP,"9/1/2022 8 a.m. PDT",4886,4721,4376,-510
NEVP,"9/1/2022 9 a.m. PDT",5194,5039,4966,-228
NEVP,"9/1/2022 10 a.m. PDT",5611,5352,5264,-347
NEVP,"9/1/2022 11 a.m. PDT",6044,5818,5434,-610
NEVP,"9/1/2022 12 p.m. PDT",6535,6428,5601,-934
NEVP,"9/1/2022 1 p.m. PDT",7019,6877,5983,-1036
NEVP,"9/1/2022 2 p.m. PDT",7528,7389,6571,-957
NEVP,"9/1/2022 3 p.m. PDT",8006,7855,6911,-1095
NEVP,"9/1/2022 4 p.m. PDT",8395,8267,7076,-1319
NEVP,"9/1/2022 5 p.m. PDT",8634,8464,7218,-1416
NEVP,"9/1/2022 6 p.m. PDT",8579,8493,6789,-1790
NEVP,"9/1/2022 7 p.m. PDT",8259,8099,6048,-2211
NEVP,"9/1/2022 8 p.m. PDT",7923,7695,5761,-2162
NEVP,"9/1/2022 9 p.m. PDT",7518,7251,5558,-1960
NEVP,"9/1/2022 10 p.m. PDT",6992,6802,5284,-1708
NEVP,"9/1/2022 11 p.m. PDT",6439,6198,5244,-1195
NEVP,"9/2/2022 12 a.m. PDT",5969,5616,5235,-734
NEVP,"9/2/2022 1 a.m. PDT",5494,5226,4962,-532
NEVP,"9/2/2022 2 a.m. PDT",5196,4940,4675,-521
NEVP,"9/2/2022 3 a.m. PDT",4947,4699,4551,-396
NEVP,"9/2/2022 4 a.m. PDT",4773,4529,4223,-550
NEVP,"9/2/2022 5 a.m. PDT",4692,4411,4193,-499
NEVP,"9/2/2022 6 a.m. PDT",4711,4396,4341,-370
NEVP,"9/2/2022 7 a.m. PDT",4716,4472,4255,-461
NEVP,"9/2/2022 8 a.m. PDT",4968,4708,4508,-460
NEVP,"9/2/2022 9 a.m. PDT",5423,5090,4948,-475
NEVP,"9/2/2022 10 a.m. PDT",5800,5492,5382,-418
NEVP,"9/2/2022 11 a.m. PDT",6222,5939,5729,-493
NEVP,"9/2/2022 12 p.m. PDT",6660,6490,6085,-575
NEVP,"9/2/2022 1 p.m. PDT",7116,6922,6297,-819
NEVP,"9/2/2022 2 p.m. PDT",7584,7363,6455,-1129
NEVP,"9/2/2022 3 p.m. PDT",8007,7853,6616,-1391
NEVP,"9/2/2022 4 p.m. PDT",8344,8152,6756,-1588
NEVP,"9/2/2022 5 p.m. PDT",8532,8380,6606,-1926
NEVP,"9/2/2022 6 p.m. PDT",8445,8414,6261,-2184
NEVP,"9/2/2022 7 p.m. PDT",8102,7997,5782,-2320
NEVP,"9/2/2022 8 p.m. PDT",7895,7575,5570,-2325
NEVP,"9/2/2022 9 p.m. PDT",7580,7180,5200,-2380
NEVP,"9/2/2022 10 p.m. PDT",7107,6651,5134,-1973
NEVP,"9/2/2022 11 p.m. PDT",6619,6166,5267,-1352
NEVP,"9/3/2022 12 a.m. PDT",6230,5702,5029,-1201
NEVP,"9/3/2022 1 a.m. PDT",5825,5168,4445,-1380
NEVP,"9/3/2022 2 a.m. PDT",5474,4842,4257,-1217
NEVP,"9/3/2022 3 a.m. PDT",5192,4637,4153,-1039
NEVP,"9/3/2022 4 a.m. PDT",4973,4504,3842,-1131
NEVP,"9/3/2022 5 a.m. PDT",4840,4402,3692,-1148
NEVP,"9/3/2022 6 a.m. PDT",4737,4370,3580,-1157
NEVP,"9/3/2022 7 a.m. PDT",4643,4390,3585,-1058
NEVP,"9/3/2022 8 a.m. PDT",4832,4612,4172,-660
NEVP,"9/3/2022 9 a.m. PDT",5251,5013,4974,-277
NEVP,"9/3/2022 10 a.m. PDT",5706,5447,5136,-570
NEVP,"9/3/2022 11 a.m. PDT",6186,5850,5294,-892
NEVP,"9/3/2022 12 p.m. PDT",6603,6256,5709,-894
NEVP,"9/3/2022 1 p.m. PDT",7017,6685,6078,-939
NEVP,"9/3/2022 2 p.m. PDT",7448,7046,5905,-1543
NEVP,"9/3/2022 3 p.m. PDT",7844,7639,5786,-2058
NEVP,"9/3/2022 4 p.m. PDT",8148,7975,6183,-1965
NEVP,"9/3/2022 5 p.m. PDT",8337,8191,6375,-1962
NEVP,"9/3/2022 6 p.m. PDT",8312,8229,6198,-2114
NEVP,"9/3/2022 7 p.m. PDT",8054,7941,5455,-2599
NEVP,"9/3/2022 8 p.m. PDT",7735,7534,5236,-2499
NEVP,"9/3/2022 9 p.m. PDT",7389,7106,4931,-2458
NEVP,"9/3/2022 10 p.m. PDT",6966,6599,4925,-2041
NEVP,"9/3/2022 11 p.m. PDT",6523,6053,4934,-1589
NEVP,"9/4/2022 12 a.m. PDT",6132,5592,4750,-1382
NEVP,"9/4/2022 1 a.m. PDT",5767,5174,4562,-1205
NEVP,"9/4/2022 2 a.m. PDT",5445,4893,4200,-1245
NEVP,"9/4/2022 3 a.m. PDT",5186,4697,4059,-1127
NEVP,"9/4/2022 4 a.m. PDT",4997,4528,3799,-1198
NEVP,"9/4/2022 5 a.m. PDT",4860,4455,3700,-1160
NEVP,"9/4/2022 6 a.m. PDT",4753,4437,3642,-1111
NEVP,"9/4/2022 7 a.m. PDT",4618,4525,3605,-1013
NEVP,"9/4/2022 8 a.m. PDT",4773,4636,4122,-651
NEVP,"9/4/2022 9 a.m. PDT",5169,4953,4843,-326
NEVP,"9/4/2022 10 a.m. PDT",5615,5380,5332,-283
NEVP,"9/4/2022 11 a.m. PDT",6108,5887,5661,-447
NEVP,"9/4/2022 12 p.m. PDT",6584,6340,5909,-675
NEVP,"9/4/2022 1 p.m. PDT",7054,6855,5810,-1244
NEVP,"9/4/2022 2 p.m. PDT",7520,7244,6021,-1499
NEVP,"9/4/2022 3 p.m. PDT",7929,7779,6448,-1481
NEVP,"9/4/2022 4 p.m. PDT",8252,8121,6651,-1601
NEVP,"9/4/2022 5 p.m. PDT",8439,8343,6691,-1748
NEVP,"9/4/2022 6 p.m. PDT",8422,8340,6484,-1938
NEVP,"9/4/2022 7 p.m. PDT",8136,8024,5703,-2433
NEVP,"9/4/2022 8 p.m. PDT",7768,7700,5246,-2522
NEVP,"9/4/2022 9 p.m. PDT",7368,7347,4923,-2445
NEVP,"9/4/2022 10 p.m. PDT",6978,6741,4686,-2292
NEVP,"9/4/2022 11 p.m. PDT",6499,6177,4749,-1750
NEVP,"9/5/2022 12 a.m. PDT",6064,5661,4527,-1537
NEVP,"9/5/2022 1 a.m. PDT",5671,5474,4328,-1343
NEVP,"9/5/2022 2 a.m. PDT",5337,5147,4012,-1325
NEVP,"9/5/2022 3 a.m. PDT",5070,4949,3922,-1148
NEVP,"9/5/2022 4 a.m. PDT",4863,4725,3779,-1084
NEVP,"9/5/2022 5 a.m. PDT",4736,4583,3810,-926
NEVP,"9/5/2022 6 a.m. PDT",4661,4584,3910,-751
NEVP,"9/5/2022 7 a.m. PDT",4548,4593,3973,-575
NEVP,"9/5/2022 8 a.m. PDT",4710,4819,4657,-53
NEVP,"9/5/2022 9 a.m. PDT",5098,5152,5072,-26
NEVP,"9/5/2022 10 a.m. PDT",5562,5656,5279,-283
NEVP,"9/5/2022 11 a.m. PDT",6067,6211,5628,-439
NEVP,"9/5/2022 12 p.m. PDT",6539,6604,5918,-621
NEVP,"9/5/2022 1 p.m. PDT",7035,7097,5946,-1089
NEVP,"9/5/2022 2 p.m. PDT",7503,7590,6186,-1317
NEVP,"9/5/2022 3 p.m. PDT",7930,7984,6385,-1545
NEVP,"9/5/2022 4 p.m. PDT",8274,8206,6542,-1732
NEVP,"9/5/2022 5 p.m. PDT",8473,8416,6710,-1763
NEVP,"9/5/2022 6 p.m. PDT",8397,8512,6369,-2028
NEVP,"9/5/2022 7 p.m. PDT",8071,8191,5474,-2597
NEVP,"9/5/2022 8 p.m. PDT",7778,7875,5337,-2441
NEVP,"9/5/2022 9 p.m. PDT",7380,7458,5357,-2023
NEVP,"9/5/2022 10 p.m. PDT",6863,7091,5226,-1637
NEVP,"9/5/2022 11 p.m. PDT",6322,6555,4979,-1343
NEVP,"9/6/2022 12 a.m. PDT",5816,6002,4470,-1346
NEVP,"9/6/2022 1 a.m. PDT",5405,5421,4444,-961
NEVP,"9/6/2022 2 a.m. PDT",5099,5142,4043,-1056
NEVP,"9/6/2022 3 a.m. PDT",4865,4879,3907,-958
NEVP,"9/6/2022 4 a.m. PDT",4708,4679,3750,-958
NEVP,"9/6/2022 5 a.m. PDT",4656,4590,3718,-938
NEVP,"9/6/2022 6 a.m. PDT",4705,4533,3754,-951
NEVP,"9/6/2022 7 a.m. PDT",4743,4614,3907,-836
NEVP,"9/6/2022 8 a.m. PDT",4915,4826,5107,192
NEVP,"9/6/2022 9 a.m. PDT",5313,5183,5461,148
NEVP,"9/6/2022 10 a.m. PDT",5751,5667,6026,275
NEVP,"9/6/2022 11 a.m. PDT",6265,6162,6193,-72
NEVP,"9/6/2022 12 p.m. PDT",6826,6580,6306,-520
NEVP,"9/6/2022 1 p.m. PDT",7410,7124,6549,-861
NEVP,"9/6/2022 2 p.m. PDT",7907,7523,6654,-1253
NEVP,"9/6/2022 3 p.m. PDT",8326,7887,6587,-1739
NEVP,"9/6/2022 4 p.m. PDT",8641,8193,6843,-1798
NEVP,"9/6/2022 5 p.m. PDT",8820,8373,6907,-1913
NEVP,"9/6/2022 6 p.m. PDT",8611,8464,6301,-2310
NEVP,"9/6/2022 7 p.m. PDT",8231,8171,5721,-2510
NEVP,"9/6/2022 8 p.m. PDT",8015,7921,5842,-2173
NEVP,"9/6/2022 9 p.m. PDT",7664,7537,5928,-1736
NEVP,"9/6/2022 10 p.m. PDT",7160,7033,5595,-1565
NEVP,"9/6/2022 11 p.m. PDT",6657,6444,5487,-1170
NEVP,"9/7/2022 12 a.m. PDT",6216,5895,4850,-1366
NEVP,"9/7/2022 1 a.m. PDT",5809,5378,4664,-1145
NEVP,"9/7/2022 2 a.m. PDT",5480,4986,4602,-878
NEVP,"9/7/2022 3 a.m. PDT",5223,4697,4405,-818
NEVP,"9/7/2022 4 a.m. PDT",5026,4550,4359,-667
NEVP,"9/7/2022 5 a.m. PDT",4935,4476,4239,-696
NEVP,"9/7/2022 6 a.m. PDT",4929,4524,4337,-592
NEVP,"9/7/2022 7 a.m. PDT",4944,4481,4361,-583
NEVP,"9/7/2022 8 a.m. PDT",5145,4613,4791,-354
NEVP,"9/7/2022 9 a.m. PDT",5539,4954,5075,-464
NEVP,"9/7/2022 10 a.m. PDT",5938,5328,5756,-182
NEVP,"9/7/2022 11 a.m. PDT",6423,5785,5808,-615
NEVP,"9/7/2022 12 p.m. PDT",6907,6214,5946,-961
NEVP,"9/7/2022 1 p.m. PDT",7415,6701,6232,-1183
NEVP,"9/7/2022 2 p.m. PDT",7883,7200,6287,-1596
NEVP,"9/7/2022 3 p.m. PDT",8228,7554,6494,-1734
NEVP,"9/7/2022 4 p.m. PDT",8464,7940,6522,-1942
NEVP,"9/7/2022 5 p.m. PDT",8587,8101,6368,-2219
NEVP,"9/7/2022 6 p.m. PDT",8430,8075,6082,-2348
NEVP,"9/7/2022 7 p.m. PDT",8084,7801,5661,-2423
NEVP,"9/7/2022 8 p.m. PDT",7884,7505,5756,-2128
NEVP,"9/7/2022 9 p.m. PDT",7593,7168,5611,-1982
NEVP,"9/7/2022 10 p.m. PDT",7124,6692,5367,-1757
NEVP,"9/7/2022 11 p.m. PDT",6649,6190,5339,-1310
NEVP,"9/8/2022 12 a.m. PDT",6222,5744,5097,-1125
NEVP,"9/8/2022 1 a.m. PDT",5838,5215,4927,-911
NEVP,"9/8/2022 2 a.m. PDT",5517,4906,4453,-1064
NEVP,"9/8/2022 3 a.m. PDT",5257,4639,4084,-1173
NEVP,"9/8/2022 4 a.m. PDT",5087,4440,4250,-837
NEVP,"9/8/2022 5 a.m. PDT",4993,4447,3950,-1043
NEVP,"9/8/2022 6 a.m. PDT",5004,4449,4069,-935
NEVP,"9/8/2022 7 a.m. PDT",5017,4577,3878,-1139
NEVP,"9/8/2022 8 a.m. PDT",5190,4797,5212,22
NEVP,"9/8/2022 9 a.m. PDT",5520,5006,5882,362
NEVP,"9/8/2022 10 a.m. PDT",5888,5396,6217,329
NEVP,"9/8/2022 11 a.m. PDT",6278,5829,6330,52
NEVP,"9/8/2022 12 p.m. PDT",6679,6237,6217,-462
NEVP,"9/8/2022 1 p.m. PDT",7098,6735,6263,-835
NEVP,"9/8/2022 2 p.m. PDT",7496,7193,6316,-1180
NEVP,"9/8/2022 3 p.m. PDT",7908,7586,6394,-1514
NEVP,"9/8/2022 4 p.m. PDT",8206,7907,6582,-1624
NEVP,"9/8/2022 5 p.m. PDT",8222,8102,6679,-1543
NEVP,"9/8/2022 6 p.m. PDT",7972,7936,6278,-1694
NEVP,"9/8/2022 7 p.m. PDT",7642,7671,5489,-2153
NEVP,"9/8/2022 8 p.m. PDT",7424,7418,5232,-2192
NEVP,"9/8/2022 9 p.m. PDT",7117,7028,5123,-1994
NEVP,"9/8/2022 10 p.m. PDT",6717,6532,5000,-1717
NEVP,"9/8/2022 11 p.m. PDT",6312,6076,4659,-1653
NEVP,"9/9/2022 12 a.m. PDT",5867,5711,4215,-1652
NEVP,"9/9/2022 1 a.m. PDT",5519,5297,4070,-1449
NEVP,"9/9/2022 2 a.m. PDT",5251,5063,3948,-1303
NEVP,"9/9/2022 3 a.m. PDT",5041,4864,3889,-1152
NEVP,"9/9/2022 4 a.m. PDT",4924,4664,3686,-1238
NEVP,"9/9/2022 5 a.m. PDT",4830,4626,3780,-1050
NEVP,"9/9/2022 6 a.m. PDT",4836,4606,4104,-732
NEVP,"9/9/2022 7 a.m. PDT",4857,4615,3689,-1168
NEVP,"9/9/2022 8 a.m. PDT",4983,4670,3783,-1200
NEVP,"9/9/2022 9 a.m. PDT",5224,4759,4107,-1117
NEVP,"9/9/2022 10 a.m. PDT",5607,4954,4558,-1049
NEVP,"9/9/2022 11 a.m. PDT",5949,5527,4902,-1047
NEVP,"9/9/2022 12 p.m. PDT",6241,5950,5003,-1238
NEVP,"9/9/2022 1 p.m. PDT",6476,6413,4897,-1579
NEVP,"9/9/2022 2 p.m. PDT",6718,6752,5504,-1214
NEVP,"9/9/2022 3 p.m. PDT",6879,7183,5514,-1365
NEVP,"9/9/2022 4 p.m. PDT",6977,7400,5447,-1530
NEVP,"9/9/2022 5 p.m. PDT",6921,7527,5180,-1741
NEVP,"9/9/2022 6 p.m. PDT",6724,7402,5205,-1519
NEVP,"9/9/2022 7 p.m. PDT",6505,7272,4842,-1663
NEVP,"9/9/2022 8 p.m. PDT",6364,6921,4815,-1549
NEVP,"9/9/2022 9 p.m. PDT",6151,6884,4587,-1564
NEVP,"9/9/2022 10 p.m. PDT",5892,6376,4423,-1469
NEVP,"9/9/2022 11 p.m. PDT",5627,6009,4401,-1226
NEVP,"9/10/2022 12 a.m. PDT",5349,5515,4304,-1045
NEVP,"9/10/2022 1 a.m. PDT",5109,4525,4266,-843
NEVP,"9/10/2022 2 a.m. PDT",4943,4363,4333,-610
NEVP,"9/10/2022 3 a.m. PDT",4781,4239,4276,-505
NEVP,"9/10/2022 4 a.m. PDT",4657,4111,4256,-401
NEVP,"9/10/2022 5 a.m. PDT",4569,4095,4234,-335
NEVP,"9/10/2022 6 a.m. PDT",4522,4104,3943,-579
NEVP,"9/10/2022 7 a.m. PDT",4447,4084,3787,-660
NEVP,"9/10/2022 8 a.m. PDT",4478,4270,3601,-877
NEVP,"9/10/2022 9 a.m. PDT",4651,4571,3857,-794
NEVP,"9/10/2022 10 a.m. PDT",4788,4892,4235,-553
NEVP,"9/10/2022 11 a.m. PDT",4820,5185,4152,-668
NEVP,"9/10/2022 12 p.m. PDT",4873,5502,4423,-450
NEVP,"9/10/2022 1 p.m. PDT",5165,5902,4581,-584
NEVP,"9/10/2022 2 p.m. PDT",5453,6280,4432,-1021
NEVP,"9/10/2022 3 p.m. PDT",5685,6573,4461,-1224
NEVP,"9/10/2022 4 p.m. PDT",5750,6622,4583,-1167
NEVP,"9/10/2022 5 p.m. PDT",5673,6768,4898,-775
NEVP,"9/10/2022 6 p.m. PDT",5613,6606,4744,-869
NEVP,"9/10/2022 7 p.m. PDT",5525,6492,4528,-997
NEVP,"9/10/2022 8 p.m. PDT",5439,6349,4468,-971
NEVP,"9/10/2022 9 p.m. PDT",5296,6202,4153,-1143
NEVP,"9/10/2022 10 p.m. PDT",5089,5805,3650,-1439
NEVP,"9/10/2022 11 p.m. PDT",4871,5489,3685,-1186
NEVP,"9/11/2022 12 a.m. PDT",4614,5176,3643,-971
NEVP,"9/11/2022 1 a.m. PDT",4356,4581,3655,-701
NEVP,"9/11/2022 2 a.m. PDT",4180,4407,3717,-463
NEVP,"9/11/2022 3 a.m. PDT",4025,4252,3812,-213
NEVP,"9/11/2022 4 a.m. PDT",3918,4132,3827,-91
NEVP,"9/11/2022 5 a.m. PDT",3865,4091,3625,-240
NEVP,"9/11/2022 6 a.m. PDT",3858,3993,3534,-324
NEVP,"9/11/2022 7 a.m. PDT",3801,4026,3582,-219
NEVP,"9/11/2022 8 a.m. PDT",3911,4068,3917,6
NEVP,"9/11/2022 9 a.m. PDT",4225,4250,4347,122
NEVP,"9/11/2022 10 a.m. PDT",4516,4307,4314,-202
NEVP,"9/11/2022 11 a.m. PDT",4879,4577,4377,-502
NEVP,"9/11/2022 12 p.m. PDT",5242,4861,4479,-763
NEVP,"9/11/2022 1 p.m. PDT",5539,5204,4890,-649
NEVP,"9/11/2022 2 p.m. PDT",5758,5510,4882,-876
NEVP,"9/11/2022 3 p.m. PDT",6072,5660,5385,-687
NEVP,"9/11/2022 4 p.m. PDT",6400,5997,5744,-656
NEVP,"9/11/2022 5 p.m. PDT",6623,6243,5921,-702
NEVP,"9/11/2022 6 p.m. PDT",6654,6178,5575,-1079
NEVP,"9/11/2022 7 p.m. PDT",6414,6251,4629,-1785
NEVP,"9/11/2022 8 p.m. PDT",6185,6089,4588,-1597
NEVP,"9/11/2022 9 p.m. PDT",5903,6021,4519,-1384
NEVP,"9/11/2022 10 p.m. PDT",5569,5559,4402,-1167
NEVP,"9/11/2022 11 p.m. PDT",5252,5108,4287,-965
NEVP,"9/12/2022 12 a.m. PDT",4940,4810,3954,-986
NEVP,"9/12/2022 1 a.m. PDT",4647,4440,3792,-855
NEVP,"9/12/2022 2 a.m. PDT",4440,4318,3524,-916
NEVP,"9/12/2022 3 a.m. PDT",4298,4165,3511,-787
NEVP,"9/12/2022 4 a.m. PDT",4241,4074,3525,-716
NEVP,"9/12/2022 5 a.m. PDT",4284,4060,3602,-682
NEVP,"9/12/2022 6 a.m. PDT",4295,4160,3576,-719
NEVP,"9/12/2022 7 a.m. PDT",4332,4119,3711,-621
NEVP,"9/12/2022 8 a.m. PDT",4384,4172,3831,-553
NEVP,"9/12/2022 9 a.m. PDT",4536,4331,3919,-617
NEVP,"9/12/2022 10 a.m. PDT",4674,4497,4369,-305
NEVP,"9/12/2022 11 a.m. PDT",4856,4904,4631,-225
NEVP,"9/12/2022 12 p.m. PDT",5072,5007,4775,-297
NEVP,"9/12/2022 1 p.m. PDT",5304,5210,4924,-380
NEVP,"9/12/2022 2 p.m. PDT",5565,5826,4927,-638
NEVP,"9/12/2022 3 p.m. PDT",5786,6016,4465,-1321
NEVP,"9/12/2022 4 p.m. PDT",5906,6172,4513,-1393
NEVP,"9/12/2022 5 p.m. PDT",5936,6295,4913,-1023
NEVP,"9/12/2022 6 p.m. PDT",5834,6244,4606,-1228
NEVP,"9/12/2022 7 p.m. PDT",5686,6246,4374,-1312
NEVP,"9/12/2022 8 p.m. PDT",5686,6122,4227,-1459
NEVP,"9/12/2022 9 p.m. PDT",5535,5787,3963,-1572
NEVP,"9/12/2022 10 p.m. PDT",5294,5565,3930,-1364
NEVP,"9/12/2022 11 p.m. PDT",5008,5138,3794,-1214
NEVP,"9/13/2022 12 a.m. PDT",4729,4978,3741,-988
NEVP,"9/13/2022 1 a.m. PDT",4500,4362,3694,-806
NEVP,"9/13/2022 2 a.m. PDT",4343,4153,3674,-669
NEVP,"9/13/2022 3 a.m. PDT",4227,3973,3685,-542
NEVP,"9/13/2022 4 a.m. PDT",4174,3859,3748,-426
NEVP,"9/13/2022 5 a.m. PDT",4182,3768,3601,-581
NEVP,"9/13/2022 6 a.m. PDT",4280,3743,3313,-967
NEVP,"9/13/2022 7 a.m. PDT",4371,3740,3163,-1208
NEVP,"9/13/2022 8 a.m. PDT",4472,4198,3759,-713
NEVP,"9/13/2022 9 a.m. PDT",4714,4336,4192,-522
NEVP,"9/13/2022 10 a.m. PDT",4972,4517,4557,-415
NEVP,"9/13/2022 11 a.m. PDT",5219,4546,4679,-540
NEVP,"9/13/2022 12 p.m. PDT",5330,4702,4484,-846
NEVP,"9/13/2022 1 p.m. PDT",5411,5007,4599,-812
NEVP,"9/13/2022 2 p.m. PDT",5661,5311,4647,-1014
NEVP,"9/13/2022 3 p.m. PDT",5886,5369,5006,-880
NEVP,"9/13/2022 4 p.m. PDT",6067,5490,4784,-1283
NEVP,"9/13/2022 5 p.m. PDT",6106,5499,4223,-1883
NEVP,"9/13/2022 6 p.m. PDT",6022,5428,4156,-1866
NEVP,"9/13/2022 7 p.m. PDT",5835,5404,4010,-1825
NEVP,"9/13/2022 8 p.m. PDT",5740,5343,3977,-1763
NEVP,"9/13/2022 9 p.m. PDT",5555,5202,3948,-1607
NEVP,"9/13/2022 10 p.m. PDT",5296,5002,3537,-1759
NEVP,"9/13/2022 11 p.m. PDT",4973,4728,3334,-1639
NEVP,"9/14/2022 12 a.m. PDT",4617,4382,3402,-1215
NEVP,"9/14/2022 1 a.m. PDT",4316,4181,3643,-673
NEVP,"9/14/2022 2 a.m. PDT",4096,4028,3646,-450
NEVP,"9/14/2022 3 a.m. PDT",3944,3917,3584,-360
NEVP,"9/14/2022 4 a.m. PDT",3850,3861,3596,-254
NEVP,"9/14/2022 5 a.m. PDT",3837,3869,3850,13
NEVP,"9/14/2022 6 a.m. PDT",3919,3964,3899,-20
NEVP,"9/14/2022 7 a.m. PDT",3991,4012,3898,-93
NEVP,"9/14/2022 8 a.m. PDT",4093,4009,3850,-243
NEVP,"9/14/2022 9 a.m. PDT",4252,4169,3416,-836
NEVP,"9/14/2022 10 a.m. PDT",4414,4372,3559,-855
NEVP,"9/14/2022 11 a.m. PDT",4574,4394,3697,-877
NEVP,"9/14/2022 12 p.m. PDT",4718,4563,3687,-1031
NEVP,"9/14/2022 1 p.m. PDT",4900,4755,4000,-900
NEVP,"9/14/2022 2 p.m. PDT",5159,5012,4274,-885
NEVP,"9/14/2022 3 p.m. PDT",5450,5076,4502,-948
NEVP,"9/14/2022 4 p.m. PDT",5700,5264,4544,-1156
NEVP,"9/14/2022 5 p.m. PDT",5889,5314,4489,-1400
NEVP,"9/14/2022 6 p.m. PDT",5873,5266,4476,-1397
NEVP,"9/14/2022 7 p.m. PDT",5713,5409,3917,-1796
NEVP,"9/14/2022 8 p.m. PDT",5583,5246,3846,-1737
NEVP,"9/14/2022 9 p.m. PDT",5385,5037,3941,-1444
NEVP,"9/14/2022 10 p.m. PDT",5092,4722,3887,-1205
NEVP,"9/14/2022 11 p.m. PDT",4780,4433,3819,-961
NEVP,"9/15/2022 12 a.m. PDT",4453,4175,3648,-805
NEVP,"9/15/2022 1 a.m. PDT",4211,3815,3482,-729
NEVP,"9/15/2022 2 a.m. PDT",4041,3668,3315,-726
NEVP,"9/15/2022 3 a.m. PDT",3912,3598,3252,-660
NEVP,"9/15/2022 4 a.m. PDT",3840,3558,3294,-546
NEVP,"9/15/2022 5 a.m. PDT",3857,3557,3325,-532
NEVP,"9/15/2022 6 a.m. PDT",3929,3540,3388,-541
NEVP,"9/15/2022 7 a.m. PDT",4018,3731,3395,-623
NEVP,"9/15/2022 8 a.m. PDT",4135,3968,3403,-732
NEVP,"9/15/2022 9 a.m. PDT",4410,4214,3574,-836
NEVP,"9/15/2022 10 a.m. PDT",4618,4347,3810,-808
NEVP,"9/15/2022 11 a.m. PDT",4844,4529,3906,-938
NEVP,"9/15/2022 12 p.m. PDT",5080,4638,3896,-1184
NEVP,"9/15/2022 1 p.m. PDT",5276,4759,3988,-1288
NEVP,"9/15/2022 2 p.m. PDT",5460,4953,4012,-1448
NEVP,"9/15/2022 3 p.m. PDT",5690,5154,4226,-1464
NEVP,"9/15/2022 4 p.m. PDT",5895,5357,4421,-1474
NEVP,"9/15/2022 5 p.m. PDT",6017,5462,4453,-1564
NEVP,"9/15/2022 6 p.m. PDT",5964,5469,4329,-1635
NEVP,"9/15/2022 7 p.m. PDT",5785,5388,4010,-1775
NEVP,"9/15/2022 8 p.m. PDT",5631,5243,3962,-1669
NEVP,"9/15/2022 9 p.m. PDT",5373,4966,3889,-1484
NEVP,"9/15/2022 10 p.m. PDT",5048,4713,3844,-1204
NEVP,"9/15/2022 11 p.m. PDT",4707,4404,3818,-889
NEVP,"9/16/2022 12 a.m. PDT",4372,4142,3695,-677
NEVP,"9/16/2022 1 a.m. PDT",4117,4018,3527,-590
NEVP,"9/16/2022 2 a.m. PDT",3935,3863,3309,-626
NEVP,"9/16/2022 3 a.m. PDT",3798,3743,3078,-720
NEVP,"9/16/2022 4 a.m. PDT",3716,3693,2984,-732
NEVP,"9/16/2022 5 a.m. PDT",3694,3694,3138,-556
NEVP,"9/16/2022 6 a.m. PDT",3753,3791,3308,-445
NEVP,"9/16/2022 7 a.m. PDT",3828,3863,2930,-898
NEVP,"9/16/2022 8 a.m. PDT",3953,3848,3101,-852
NEVP,"9/16/2022 9 a.m. PDT",4194,4058,3437,-757
NEVP,"9/16/2022 10 a.m. PDT",4372,4171,3349,-1023
NEVP,"9/16/2022 11 a.m. PDT",4570,4369,3323,-1247
NEVP,"9/16/2022 12 p.m. PDT",4766,4546,3329,-1437
NEVP,"9/16/2022 1 p.m. PDT",5005,4805,3579,-1426
NEVP,"9/16/2022 2 p.m. PDT",5285,5086,3931,-1354
NEVP,"9/16/2022 3 p.m. PDT",5570,5204,4275,-1295
NEVP,"9/16/2022 4 p.m. PDT",5831,5512,4584,-1247
NEVP,"9/16/2022 5 p.m. PDT",5997,5657,4588,-1409
NEVP,"9/16/2022 6 p.m. PDT",5960,5645,4389,-1571
NEVP,"9/16/2022 7 p.m. PDT",5732,5382,3889,-1843
NEVP,"9/16/2022 8 p.m. PDT",5566,5150,3940,-1626
NEVP,"9/16/2022 9 p.m. PDT",5306,5018,3723,-1583
NEVP,"9/16/2022 10 p.m. PDT",5035,4742,3613,-1422
NEVP,"9/16/2022 11 p.m. PDT",4748,4552,3558,-1190
NEVP,"9/17/2022 12 a.m. PDT",4434,4193,3539,-895
NEVP,"9/17/2022 1 a.m. PDT",4179,3984,3391,-788
NEVP,"9/17/2022 2 a.m. PDT",3968,3868,3129,-839
NEVP,"9/17/2022 3 a.m. PDT",3814,3760,3128,-686
NEVP,"9/17/2022 4 a.m. PDT",3700,3684,3197,-503
NEVP,"9/17/2022 5 a.m. PDT",3648,3642,3015,-633
NEVP,"9/17/2022 6 a.m. PDT",3641,3605,3002,-639
NEVP,"9/17/2022 7 a.m. PDT",3595,3555,2917,-678
NEVP,"9/17/2022 8 a.m. PDT",3668,3437,2635,-1033
NEVP,"9/17/2022 9 a.m. PDT",3901,3644,3157,-744
NEVP,"9/17/2022 10 a.m. PDT",4149,3817,3386,-763
NEVP,"9/17/2022 11 a.m. PDT",4380,4033,3438,-942
NEVP,"9/17/2022 12 p.m. PDT",4613,4204,3766,-847
NEVP,"9/17/2022 1 p.m. PDT",4863,4344,3926,-937
NEVP,"9/17/2022 2 p.m. PDT",5113,4572,4047,-1066
NEVP,"9/17/2022 3 p.m. PDT",5369,4798,4148,-1221
NEVP,"9/17/2022 4 p.m. PDT",5577,5019,4174,-1403
NEVP,"9/17/2022 5 p.m. PDT",5695,5077,4011,-1684
NEVP,"9/17/2022 6 p.m. PDT",5651,5104,3684,-1967
NEVP,"9/17/2022 7 p.m. PDT",5453,4969,3446,-2007
NEVP,"9/17/2022 8 p.m. PDT",5289,4768,3377,-1912
NEVP,"9/17/2022 9 p.m. PDT",5061,4598,3361,-1700
NEVP,"9/17/2022 10 p.m. PDT",4797,4353,3367,-1430
NEVP,"9/17/2022 11 p.m. PDT",4553,4188,3349,-1204
NEVP,"9/18/2022 12 a.m. PDT",4304,3946,3314,-990
NEVP,"9/18/2022 1 a.m. PDT",4072,3835,3224,-848
NEVP,"9/18/2022 2 a.m. PDT",3881,3701,3190,-691
NEVP,"9/18/2022 3 a.m. PDT",3747,3560,3025,-722
NEVP,"9/18/2022 4 a.m. PDT",3627,3493,2952,-675
NEVP,"9/18/2022 5 a.m. PDT",3577,3424,2964,-613
NEVP,"9/18/2022 6 a.m. PDT",3558,3443,2910,-648
NEVP,"9/18/2022 7 a.m. PDT",3522,3306,2520,-1002
NEVP,"9/18/2022 8 a.m. PDT",3583,3337,2491,-1092
NEVP,"9/18/2022 9 a.m. PDT",3811,3518,3044,-767
NEVP,"9/18/2022 10 a.m. PDT",4078,3671,3311,-767
NEVP,"9/18/2022 11 a.m. PDT",4322,3908,3313,-1009
NEVP,"9/18/2022 12 p.m. PDT",4583,4074,3380,-1203
NEVP,"9/18/2022 1 p.m. PDT",4763,4370,3348,-1415
NEVP,"9/18/2022 2 p.m. PDT",5025,4556,3592,-1433
NEVP,"9/18/2022 3 p.m. PDT",5242,4712,3647,-1595
NEVP,"9/18/2022 4 p.m. PDT",5439,4987,4147,-1292
NEVP,"9/18/2022 5 p.m. PDT",5592,5117,4302,-1290
NEVP,"9/18/2022 6 p.m. PDT",5631,5190,4073,-1558
NEVP,"9/18/2022 7 p.m. PDT",5465,5066,3345,-2120
NEVP,"9/18/2022 8 p.m. PDT",5332,4851,3547,-1785
NEVP,"9/18/2022 9 p.m. PDT",5104,4672,3490,-1614
NEVP,"9/18/2022 10 p.m. PDT",4812,4453,3265,-1547
NEVP,"9/18/2022 11 p.m. PDT",4493,4187,3324,-1169
NEVP,"9/19/2022 12 a.m. PDT",4181,3998,3184,-997
NEVP,"9/19/2022 1 a.m. PDT",3945,3690,3167,-778
NEVP,"9/19/2022 2 a.m. PDT",3783,3613,3138,-645
NEVP,"9/19/2022 3 a.m. PDT",3640,3479,3050,-590
NEVP,"9/19/2022 4 a.m. PDT",3568,3425,3094,-474
NEVP,"9/19/2022 5 a.m. PDT",3562,3391,3136,-426
NEVP,"9/19/2022 6 a.m. PDT",3636,3395,3160,-476
NEVP,"9/19/2022 7 a.m. PDT",3742,3525,3140,-602
NEVP,"9/19/2022 8 a.m. PDT",3822,3575,3096,-726
NEVP,"9/19/2022 9 a.m. PDT",4018,3713,3594,-424
NEVP,"9/19/2022 10 a.m. PDT",4230,3825,3685,-545
NEVP,"9/19/2022 11 a.m. PDT",4441,4116,3833,-608
NEVP,"9/19/2022 12 p.m. PDT",4668,4295,3970,-698
NEVP,"9/19/2022 1 p.m. PDT",4901,4492,4051,-850
NEVP,"9/19/2022 2 p.m. PDT",5155,4743,4215,-940
NEVP,"9/19/2022 3 p.m. PDT",5478,5007,4505,-973
NEVP,"9/19/2022 4 p.m. PDT",5744,5128,4862,-882
NEVP,"9/19/2022 5 p.m. PDT",5884,5406,5012,-872
NEVP,"9/19/2022 6 p.m. PDT",5879,5487,4598,-1281
NEVP,"9/19/2022 7 p.m. PDT",5725,5309,3850,-1875
NEVP,"9/19/2022 8 p.m. PDT",5599,5062,3821,-1778
NEVP,"9/19/2022 9 p.m. PDT",5361,4829,3862,-1499
NEVP,"9/19/2022 10 p.m. PDT",5062,4579,3842,-1220
NEVP,"9/19/2022 11 p.m. PDT",4730,4238,3795,-935
NEVP,"9/20/2022 12 a.m. PDT",4429,4051,3762,-667
NEVP,"9/20/2022 1 a.m. PDT",4150,3800,3589,-561
NEVP,"9/20/2022 2 a.m. PDT",3956,3679,3356,-600
NEVP,"9/20/2022 3 a.m. PDT",3810,3578,3142,-668
NEVP,"9/20/2022 4 a.m. PDT",3731,3501,2817,-914
NEVP,"9/20/2022 5 a.m. PDT",3721,3427,2712,-1009
NEVP,"9/20/2022 6 a.m. PDT",3784,3482,2798,-986
NEVP,"9/20/2022 7 a.m. PDT",3869,3636,2908,-961
NEVP,"9/20/2022 8 a.m. PDT",3960,3735,3243,-717
NEVP,"9/20/2022 9 a.m. PDT",4174,3909,3855,-319
NEVP,"9/20/2022 10 a.m. PDT",4386,4081,3987,-399
NEVP,"9/20/2022 11 a.m. PDT",4597,4325,4024,-573
NEVP,"9/20/2022 12 p.m. PDT",4801,4592,3979,-822
NEVP,"9/20/2022 1 p.m. PDT",5071,4887,4080,-991
NEVP,"9/20/2022 2 p.m. PDT",5313,5164,4276,-1037
NEVP,"9/20/2022 3 p.m. PDT",5551,5468,4559,-992
NEVP,"9/20/2022 4 p.m. PDT",5760,5734,4730,-1030
NEVP,"9/20/2022 5 p.m. PDT",5894,5874,4979,-915
NEVP,"9/20/2022 6 p.m. PDT",5854,5859,4495,-1359
NEVP,"9/20/2022 7 p.m. PDT",5712,5611,3816,-1896
NEVP,"9/20/2022 8 p.m. PDT",5601,5416,3835,-1766
NEVP,"9/20/2022 9 p.m. PDT",5360,5216,3759,-1601
NEVP,"9/20/2022 10 p.m. PDT",5072,4999,3691,-1381
NEVP,"9/20/2022 11 p.m. PDT",4742,4753,3682,-1060
NEVP,"9/21/2022 12 a.m. PDT",4425,4312,3533,-892
NEVP,"9/21/2022 1 a.m. PDT",4169,3937,3470,-699
NEVP,"9/21/2022 2 a.m. PDT",3979,3746,3479,-500
NEVP,"9/21/2022 3 a.m. PDT",3842,3529,3325,-517
NEVP,"9/21/2022 4 a.m. PDT",3745,3435,3349,-396
NEVP,"9/21/2022 5 a.m. PDT",3750,3424,3135,-615
NEVP,"9/21/2022 6 a.m. PDT",3828,3537,3111,-717
NEVP,"9/21/2022 7 a.m. PDT",3933,3597,3217,-716
NEVP,"9/21/2022 8 a.m. PDT",4026,3864,3742,-284
NEVP,"9/21/2022 9 a.m. PDT",4265,4069,4053,-212
NEVP,"9/21/2022 10 a.m. PDT",4537,4277,4525,-12
NEVP,"9/21/2022 11 a.m. PDT",4794,4434,4494,-300
NEVP,"9/21/2022 12 p.m. PDT",5043,4586,4529,-514
NEVP,"9/21/2022 1 p.m. PDT",5219,4703,4474,-745
NEVP,"9/21/2022 2 p.m. PDT",5363,4859,4576,-787
NEVP,"9/21/2022 3 p.m. PDT",5515,5065,4702,-813
NEVP,"9/21/2022 4 p.m. PDT",5649,5051,5052,-597
NEVP,"9/21/2022 5 p.m. PDT",5685,5171,4853,-832
NEVP,"9/21/2022 6 p.m. PDT",5620,5190,4493,-1127
NEVP,"9/21/2022 7 p.m. PDT",5461,5133,3889,-1572
NEVP,"9/21/2022 8 p.m. PDT",5344,4983,4014,-1330
NEVP,"9/21/2022 9 p.m. PDT",5136,4724,3767,-1369
NEVP,"9/21/2022 10 p.m. PDT",4867,4540,3618,-1249
NEVP,"9/21/2022 11 p.m. PDT",4580,4252,3392,-1188
NEVP,"9/22/2022 12 a.m. PDT",4276,3925,2770,-1506
NEVP,"9/22/2022 1 a.m. PDT",4042,3503,2498,-1544
NEVP,"9/22/2022 2 a.m. PDT",3868,3368,2482,-1386
NEVP,"9/22/2022 3 a.m. PDT",3742,3266,2515,-1227
NEVP,"9/22/2022 4 a.m. PDT",3671,3277,2405,-1266
NEVP,"9/22/2022 5 a.m. PDT",3660,3270,2470,-1190
NEVP,"9/22/2022 6 a.m. PDT",3746,3374,2331,-1415
NEVP,"9/22/2022 7 a.m. PDT",3838,3557,2247,-1591
NEVP,"9/22/2022 8 a.m. PDT",3925,3671,2829,-1096
NEVP,"9/22/2022 9 a.m. PDT",4099,3849,3280,-819
NEVP,"9/22/2022 10 a.m. PDT",4225,3944,3486,-739
NEVP,"9/22/2022 11 a.m. PDT",4393,4025,3586,-807
NEVP,"9/22/2022 12 p.m. PDT",4513,4194,3478,-1035
NEVP,"9/22/2022 1 p.m. PDT",4802,4367,3610,-1192
NEVP,"9/22/2022 2 p.m. PDT",5053,4581,3550,-1503
NEVP,"9/22/2022 3 p.m. PDT",5332,4951,3638,-1694
NEVP,"9/22/2022 4 p.m. PDT",5597,5196,3918,-1679
NEVP,"9/22/2022 5 p.m. PDT",5768,5287,4239,-1529
NEVP,"9/22/2022 6 p.m. PDT",5715,5366,3809,-1906
NEVP,"9/22/2022 7 p.m. PDT",5507,5232,3436,-2071
NEVP,"9/22/2022 8 p.m. PDT",5354,5106,3307,-2047
NEVP,"9/22/2022 9 p.m. PDT",5122,4847,3220,-1902
NEVP,"9/22/2022 10 p.m. PDT",4810,4548,3155,-1655
NEVP,"9/22/2022 11 p.m. PDT",4501,4268,3225,-1276
NEVP,"9/23/2022 12 a.m. PDT",4203,3929,3186,-1017
NEVP,"9/23/2022 1 a.m. PDT",3944,3696,3143,-801
NEVP,"9/23/2022 2 a.m. PDT",3743,3534,2963,-780
NEVP,"9/23/2022 3 a.m. PDT",3619,3422,2929,-690
NEVP,"9/23/2022 4 a.m. PDT",3541,3330,2991,-550
NEVP,"9/23/2022 5 a.m. PDT",3536,3353,2942,-594
NEVP,"9/23/2022 6 a.m. PDT",3605,3375,2972,-633
NEVP,"9/23/2022 7 a.m. PDT",3693,3587,3039,-654
NEVP,"9/23/2022 8 a.m. PDT",3782,3660,3477,-305
NEVP,"9/23/2022 9 a.m. PDT",3973,3881,3842,-131
NEVP,"9/23/2022 10 a.m. PDT",4109,4065,4004,-105
NEVP,"9/23/2022 11 a.m. PDT",4275,4211,3992,-283
NEVP,"9/23/2022 12 p.m. PDT",4440,4393,3947,-493
NEVP,"9/23/2022 1 p.m. PDT",4716,4666,3932,-784
NEVP,"9/23/2022 2 p.m. PDT",5016,4854,3947,-1069
NEVP,"9/23/2022 3 p.m. PDT",5351,5201,4051,-1300
NEVP,"9/23/2022 4 p.m. PDT",5673,5554,4143,-1530
NEVP,"9/23/2022 5 p.m. PDT",5891,5648,4218,-1673
NEVP,"9/23/2022 6 p.m. PDT",5890,5664,3951,-1939
NEVP,"9/23/2022 7 p.m. PDT",5705,5425,3778,-1927
NEVP,"9/23/2022 8 p.m. PDT",5494,5178,3353,-2141
NEVP,"9/23/2022 9 p.m. PDT",5204,4947,3257,-1947
NEVP,"9/23/2022 10 p.m. PDT",4902,4726,3264,-1638
NEVP,"9/23/2022 11 p.m. PDT",4618,4536,3240,-1378
NEVP,"9/24/2022 12 a.m. PDT",4335,4152,3290,-1045
NEVP,"9/24/2022 1 a.m. PDT",4091,4081,3064,-1027
NEVP,"9/24/2022 2 a.m. PDT",3905,3853,3176,-729
NEVP,"9/24/2022 3 a.m. PDT",3767,3722,2786,-981
NEVP,"9/24/2022 4 a.m. PDT",3659,3639,2944,-715
NEVP,"9/24/2022 5 a.m. PDT",3620,3582,3007,-613
NEVP,"9/24/2022 6 a.m. PDT",3612,3576,3048,-564
NEVP,"9/24/2022 7 a.m. PDT",3605,3545,2609,-996
NEVP,"9/24/2022 8 a.m. PDT",3669,3556,2692,-977
NEVP,"9/24/2022 9 a.m. PDT",3911,3842,3339,-572
NEVP,"9/24/2022 10 a.m. PDT",4150,4061,3562,-588
NEVP,"9/24/2022 11 a.m. PDT",4416,4311,3694,-722
NEVP,"9/24/2022 12 p.m. PDT",4656,4525,3721,-935
NEVP,"9/24/2022 1 p.m. PDT",4952,4860,3726,-1226
NEVP,"9/24/2022 2 p.m. PDT",5271,5137,3702,-1569
NEVP,"9/24/2022 3 p.m. PDT",5579,5585,3892,-1687
NEVP,"9/24/2022 4 p.m. PDT",5869,6013,4237,-1632
NEVP,"9/24/2022 5 p.m. PDT",6075,6076,4834,-1241
NEVP,"9/24/2022 6 p.m. PDT",6069,6029,4391,-1678
NEVP,"9/24/2022 7 p.m. PDT",5865,5750,3977,-1888
NEVP,"9/24/2022 8 p.m. PDT",5620,5455,3980,-1640
NEVP,"9/24/2022 9 p.m. PDT",5309,5215,3979,-1330
NEVP,"9/24/2022 10 p.m. PDT",5012,5050,3963,-1049
NEVP,"9/24/2022 11 p.m. PDT",4711,4703,3966,-745
NEVP,"9/25/2022 12 a.m. PDT",4446,4465,3729,-717
NEVP,"9/25/2022 1 a.m. PDT",4195,4187,3503,-692
NEVP,"9/25/2022 2 a.m. PDT",3993,3985,3371,-622
NEVP,"9/25/2022 3 a.m. PDT",3836,3813,3310,-526
NEVP,"9/25/2022 4 a.m. PDT",3708,3705,2879,-829
NEVP,"9/25/2022 5 a.m. PDT",3653,3658,2803,-850
NEVP,"9/25/2022 6 a.m. PDT",3617,3577,2925,-692
NEVP,"9/25/2022 7 a.m. PDT",3582,3541,2808,-774
NEVP,"9/25/2022 8 a.m. PDT",3653,3574,2640,-1013
NEVP,"9/25/2022 9 a.m. PDT",3894,3838,3528,-366
NEVP,"9/25/2022 10 a.m. PDT",4173,4059,3745,-428
NEVP,"9/25/2022 11 a.m. PDT",4465,4355,3801,-664
NEVP,"9/25/2022 12 p.m. PDT",4750,4649,3727,-1023
NEVP,"9/25/2022 1 p.m. PDT",5064,4960,3893,-1171
NEVP,"9/25/2022 2 p.m. PDT",5413,5168,3755,-1658
NEVP,"9/25/2022 3 p.m. PDT",5754,5579,3852,-1902
NEVP,"9/25/2022 4 p.m. PDT",6034,5917,3857,-2177
NEVP,"9/25/2022 5 p.m. PDT",6239,6056,3864,-2375
NEVP,"9/25/2022 6 p.m. PDT",6232,5998,3757,-2475
NEVP,"9/25/2022 7 p.m. PDT",5978,5718,3802,-2176
NEVP,"9/25/2022 8 p.m. PDT",5709,5447,3871,-1838
NEVP,"9/25/2022 9 p.m. PDT",5371,5259,3812,-1559
NEVP,"9/25/2022 10 p.m. PDT",5011,4996,3662,-1349
NEVP,"9/25/2022 11 p.m. PDT",4646,4628,3615,-1031
NEVP,"9/26/2022 12 a.m. PDT",4316,4391,3416,-900
NEVP,"9/26/2022 1 a.m. PDT",4048,4094,3338,-710
NEVP,"9/26/2022 2 a.m. PDT",3857,3921,3281,-576
NEVP,"9/26/2022 3 a.m. PDT",3725,3750,3273,-452
NEVP,"9/26/2022 4 a.m. PDT",3637,3727,3000,-637
NEVP,"9/26/2022 5 a.m. PDT",3633,3666,2899,-734
NEVP,"9/26/2022 6 a.m. PDT",3704,3738,2923,-781
NEVP,"9/26/2022 7 a.m. PDT",3801,3690,2834,-967
NEVP,"9/26/2022 8 a.m. PDT",3900,3754,2878,-1022
NEVP,"9/26/2022 9 a.m. PDT",4145,3987,3194,-951
NEVP,"9/26/2022 10 a.m. PDT",4344,4294,3396,-948
NEVP,"9/26/2022 11 a.m. PDT",4606,4586,3492,-1114
NEVP,"9/26/2022 12 p.m. PDT",4893,4883,3831,-1062
NEVP,"9/26/2022 1 p.m. PDT",5231,5274,4391,-840
NEVP,"9/26/2022 2 p.m. PDT",5613,5537,4892,-721
NEVP,"9/26/2022 3 p.m. PDT",6026,5948,4416,-1610
NEVP,"9/26/2022 4 p.m. PDT",6323,6268,4854,-1469
NEVP,"9/26/2022 5 p.m. PDT",6527,6519,4606,-1921
NEVP,"9/26/2022 6 p.m. PDT",6470,6409,4255,-2215
NEVP,"9/26/2022 7 p.m. PDT",6250,6026,3732,-2518
NEVP,"9/26/2022 8 p.m. PDT",5946,5692,3898,-2048
NEVP,"9/26/2022 9 p.m. PDT",5601,5309,3806,-1795
NEVP,"9/26/2022 10 p.m. PDT",5224,5073,3880,-1344
NEVP,"9/26/2022 11 p.m. PDT",4839,4720,3843,-996
NEVP,"9/27/2022 12 a.m. PDT",4504,4428,3626,-878
NEVP,"9/27/2022 1 a.m. PDT",4205,4044,3285,-920
NEVP,"9/27/2022 2 a.m. PDT",4009,3903,3103,-906
NEVP,"9/27/2022 3 a.m. PDT",3857,3771,2743,-1114
NEVP,"9/27/2022 4 a.m. PDT",3774,3687,2659,-1115
NEVP,"9/27/2022 5 a.m. PDT",3755,3620,2452,-1303
NEVP,"9/27/2022 6 a.m. PDT",3838,3716,2493,-1345
NEVP,"9/27/2022 7 a.m. PDT",3945,3735,2438,-1507
NEVP,"9/27/2022 8 a.m. PDT",4030,3812,2991,-1039
NEVP,"9/27/2022 9 a.m. PDT",4264,4045,3335,-929
NEVP,"9/27/2022 10 a.m. PDT",4520,4397,3706,-814
NEVP,"9/27/2022 11 a.m. PDT",4815,4730,3888,-927
NEVP,"9/27/2022 12 p.m. PDT",5105,4988,4051,-1054
NEVP,"9/27/2022 1 p.m. PDT",5435,5296,4237,-1198
NEVP,"9/27/2022 2 p.m. PDT",5851,5596,4152,-1699
NEVP,"9/27/2022 3 p.m. PDT",6212,5999,4468,-1744
NEVP,"9/27/2022 4 p.m. PDT",6498,6294,4580,-1918
NEVP,"9/27/2022 5 p.m. PDT",6669,6447,4648,-2021
NEVP,"9/27/2022 6 p.m. PDT",6601,6271,4470,-2131
NEVP,"9/27/2022 7 p.m. PDT",6376,5946,4315,-2061
NEVP,"9/27/2022 8 p.m. PDT",6158,5730,4202,-1956
NEVP,"9/27/2022 9 p.m. PDT",5853,5391,4448,-1405
NEVP,"9/27/2022 10 p.m. PDT",5509,5185,4183,-1326
NEVP,"9/27/2022 11 p.m. PDT",5132,4876,4050,-1082
NEVP,"9/28/2022 12 a.m. PDT",4776,4625,3853,-923
NEVP,"9/28/2022 1 a.m. PDT",4473,4337,3564,-909
NEVP,"9/28/2022 2 a.m. PDT",4284,4156,3184,-1100
NEVP,"9/28/2022 3 a.m. PDT",4125,4006,2942,-1183
NEVP,"9/28/2022 4 a.m. PDT",4036,3865,2594,-1442
NEVP,"9/28/2022 5 a.m. PDT",4049,3865,2577,-1472
NEVP,"9/28/2022 6 a.m. PDT",4129,3851,2583,-1546
NEVP,"9/28/2022 7 a.m. PDT",4247,4092,2712,-1535
NEVP,"9/28/2022 8 a.m. PDT",4319,4124,3053,-1266
NEVP,"9/28/2022 9 a.m. PDT",4433,4373,4040,-393
NEVP,"9/28/2022 10 a.m. PDT",4512,4646,3994,-518
NEVP,"9/28/2022 11 a.m. PDT",4632,4827,4266,-366
NEVP,"9/28/2022 12 p.m. PDT",4889,5066,4676,-213
NEVP,"9/28/2022 1 p.m. PDT",5135,5438,4778,-357
NEVP,"9/28/2022 2 p.m. PDT",5395,5728,4776,-619
NEVP,"9/28/2022 3 p.m. PDT",5601,5984,4917,-684
NEVP,"9/28/2022 4 p.m. PDT",5775,6048,4894,-881
NEVP,"9/28/2022 5 p.m. PDT",5866,6208,4904,-962
NEVP,"9/28/2022 6 p.m. PDT",5888,6086,4137,-1751
NEVP,"9/28/2022 7 p.m. PDT",5777,6080,3672,-2105
NEVP,"9/28/2022 8 p.m. PDT",5655,5918,3692,-1963
NEVP,"9/28/2022 9 p.m. PDT",5408,5614,3715,-1693
NEVP,"9/28/2022 10 p.m. PDT",5108,5319,3715,-1393
NEVP,"9/28/2022 11 p.m. PDT",4791,4888,3587,-1204
NEVP,"9/29/2022 12 a.m. PDT",4506,4583,3293,-1213
NEVP,"9/29/2022 1 a.m. PDT",4232,4307,2670,-1562
NEVP,"9/29/2022 2 a.m. PDT",4054,4089,2593,-1461
NEVP,"9/29/2022 3 a.m. PDT",3920,3910,2474,-1446
NEVP,"9/29/2022 4 a.m. PDT",3841,3827,2417,-1424
NEVP,"9/29/2022 5 a.m. PDT",3821,3836,2451,-1370
NEVP,"9/29/2022 6 a.m. PDT",3893,3947,3110,-783
NEVP,"9/29/2022 7 a.m. PDT",4000,4009,3251,-749
NEVP,"9/29/2022 8 a.m. PDT",4105,4069,3397,-708
NEVP,"9/29/2022 9 a.m. PDT",4350,4334,4186,-164
NEVP,"9/29/2022 10 a.m. PDT",4574,4524,4538,-36
NEVP,"9/29/2022 11 a.m. PDT",4790,4744,4529,-261
NEVP,"9/29/2022 12 p.m. PDT",5083,5078,4509,-574
NEVP,"9/29/2022 1 p.m. PDT",5406,5455,4276,-1130
NEVP,"9/29/2022 2 p.m. PDT",5786,5843,4667,-1119
NEVP,"9/29/2022 3 p.m. PDT",6095,6120,4581,-1514
NEVP,"9/29/2022 4 p.m. PDT",6327,6363,4698,-1629
NEVP,"9/29/2022 5 p.m. PDT",6403,6516,5063,-1340
NEVP,"9/29/2022 6 p.m. PDT",6344,6405,4603,-1741
NEVP,"9/29/2022 7 p.m. PDT",6117,6035,4165,-1952
NEVP,"9/29/2022 8 p.m. PDT",5898,5849,4185,-1713
NEVP,"9/29/2022 9 p.m. PDT",5614,5479,4153,-1461
NEVP,"9/29/2022 10 p.m. PDT",5309,5207,3732,-1577
NEVP,"9/29/2022 11 p.m. PDT",4979,4788,3680,-1299
NEVP,"9/30/2022 12 a.m. PDT",4666,4496,3646,-1020
NEVP,"9/30/2022 1 a.m. PDT",4423,4245,3223,-1200
NEVP,"9/30/2022 2 a.m. PDT",4238,4073,3100,-1138
NEVP,"9/30/2022 3 a.m. PDT",4081,3868,3018,-1063
NEVP,"9/30/2022 4 a.m. PDT",3963,3785,3013,-950
NEVP,"9/30/2022 5 a.m. PDT",3930,3809,2864,-1066
NEVP,"9/30/2022 6 a.m. PDT",3967,3861,2819,-1148
NEVP,"9/30/2022 7 a.m. PDT",4048,4008,2853,-1195
NEVP,"9/30/2022 8 a.m. PDT",4148,3990,3548,-600
NEVP,"9/30/2022 9 a.m. PDT",4377,4194,3610,-767
NEVP,"9/30/2022 10 a.m. PDT",4589,4360,3815,-774
NEVP,"9/30/2022 11 a.m. PDT",4821,4521,3769,-1052
NEVP,"9/30/2022 12 p.m. PDT",5068,4742,3771,-1297
NEVP,"9/30/2022 1 p.m. PDT",5328,5107,3898,-1430
NEVP,"9/30/2022 2 p.m. PDT",5564,5440,4078,-1486
NEVP,"9/30/2022 3 p.m. PDT",5819,5751,4358,-1461
NEVP,"9/30/2022 4 p.m. PDT",6021,5853,4566,-1455
NEVP,"9/30/2022 5 p.m. PDT",6139,6123,4341,-1798
NEVP,"9/30/2022 6 p.m. PDT",6036,6095,4056,-1980
NEVP,"9/30/2022 7 p.m. PDT",5820,5783,3814,-2006
NEVP,"9/30/2022 8 p.m. PDT",5593,5449,3818,-1775
NEVP,"9/30/2022 9 p.m. PDT",5305,5148,3860,-1445
NEVP,"9/30/2022 10 p.m. PDT",5041,4824,3959,-1082
NEVP,"9/30/2022 11 p.m. PDT",4750,4531,3887,-863
NEVP,"10/1/2022 12 a.m. PDT",4463,4223,3769,-694
