"BA Code","Timestamp (Hour Ending)","Demand (MWh)","Demand Forecast (MWh)","Net Generation (MWh)","Total Interchange (MWh)"
NEVP,"7/1/2022 12 a.m. PDT",5787,5204,4691,-1096
NEVP,"7/1/2022 1 a.m. PDT",5389,5242,4674,-715
NEVP,"7/1/2022 2 a.m. PDT",5101,5012,4518,-583
NEVP,"7/1/2022 3 a.m. PDT",4877,4790,4354,-523
NEVP,"7/1/2022 4 a.m. PDT",4722,4582,4157,-565
NEVP,"7/1/2022 5 a.m. PDT",4624,4482,4016,-608
NEVP,"7/1/2022 6 a.m. PDT",4549,4413,3856,-693
NEVP,"7/1/2022 7 a.m. PDT",4605,4486,3275,-1330
NEVP,"7/1/2022 8 a.m. PDT",4861,4355,3711,-1150
NEVP,"7/1/2022 9 a.m. PDT",5167,4706,3840,-1327
NEVP,"7/1/2022 10 a.m. PDT",5469,5081,3984,-1485
NEVP,"7/1/2022 11 a.m. PDT",5799,5432,4200,-1599
NEVP,"7/1/2022 12 p.m. PDT",6153,5764,4557,-1596
NEVP,"7/1/2022 1 p.m. PDT",6469,6058,5008,-1461
NEVP,"7/1/2022 2 p.m. PDT",6744,6382,5399,-1345
NEVP,"7/1/2022 3 p.m. PDT",7036,6692,5730,-1306
NEVP,"7/1/2022 4 p.m. PDT",7254,6897,5877,-1377
NEVP,"7/1/2022 5 p.m. PDT",7429,6959,5869,-1560
NEVP,"7/1/2022 6 p.m. PDT",7517,7023,5818,-1699
NEVP,"7/1/2022 7 p.m. PDT",7440,6935,5454,-1986
NEVP,"7/1/2022 8 p.m. PDT",7174,6773,4908,-2266
NEVP,"7/1/2022 9 p.m. PDT",6849,6448,4762,-2087
NEVP,"7/1/2022 10 p.m. PDT",6488,6067,4430,-2058
NEVP,"7/1/2022 11 p.m. PDT",6081,5656,4724,-1357
NEVP,"7/2/2022 12 a.m. PDT",5675,5184,4646,-1029
NEVP,"7/2/2022 1 a.m. PDT",5321,4753,4513,-808
NEVP,"7/2/2022 2 a.m. PDT",5034,4502,4182,-852
NEVP,"7/2/2022 3 a.m. PDT",4785,4235,4062,-723
NEVP,"7/2/2022 4 a.m. PDT",4586,4049,4052,-534
NEVP,"7/2/2022 5 a.m. PDT",4445,3898,3967,-478
NEVP,"7/2/2022 6 a.m. PDT",4323,3913,3723,-600
NEVP,"7/2/2022 7 a.m. PDT",4309,3929,3237,-1072
NEVP,"7/2/2022 8 a.m. PDT",4511,4533,3367,-1144
NEVP,"7/2/2022 9 a.m. PDT",4839,4916,3410,-1429
NEVP,"7/2/2022 10 a.m. PDT",5236,5261,3321,-1915
NEVP,"7/2/2022 11 a.m. PDT",5602,5570,3668,-1934
NEVP,"7/2/2022 12 p.m. PDT",6058,5918,3642,-2416
NEVP,"7/2/2022 1 p.m. PDT",6370,6302,4197,-2173
NEVP,"7/2/2022 2 p.m. PDT",6657,6595,4435,-2222
NEVP,"7/2/2022 3 p.m. PDT",6933,6829,4613,-2320
NEVP,"7/2/2022 4 p.m. PDT",7153,7036,4586,-2567
NEVP,"7/2/2022 5 p.m. PDT",7305,7082,5043,-2262
NEVP,"7/2/2022 6 p.m. PDT",7359,7024,5224,-2135
NEVP,"7/2/2022 7 p.m. PDT",7223,6933,5426,-1797
NEVP,"7/2/2022 8 p.m. PDT",6906,6703,4740,-2166
NEVP,"7/2/2022 9 p.m. PDT",6625,6342,4683,-1942
NEVP,"7/2/2022 10 p.m. PDT",6292,5938,4496,-1796
NEVP,"7/2/2022 11 p.m. PDT",5897,5582,4568,-1329
NEVP,"7/3/2022 12 a.m. PDT",5502,5291,4353,-1149
NEVP,"7/3/2022 1 a.m. PDT",5149,5021,4553,-596
NEVP,"7/3/2022 2 a.m. PDT",4848,4698,4172,-676
NEVP,"7/3/2022 3 a.m. PDT",4626,4403,4024,-602
NEVP,"7/3/2022 4 a.m. PDT",4438,4228,3794,-644
NEVP,"7/3/2022 5 a.m. PDT",4314,4114,3683,-631
NEVP,"7/3/2022 6 a.m. PDT",4170,4121,3514,-656
NEVP,"7/3/2022 7 a.m. PDT",4131,4194,3112,-1019
NEVP,"7/3/2022 8 a.m. PDT",4285,4473,3198,-1087
NEVP,"7/3/2022 9 a.m. PDT",4553,4829,3482,-1071
NEVP,"7/3/2022 10 a.m. PDT",4847,5136,3461,-1386
NEVP,"7/3/2022 11 a.m. PDT",5117,5436,3686,-1431
NEVP,"7/3/2022 12 p.m. PDT",5452,5770,3726,-1726
NEVP,"7/3/2022 1 p.m. PDT",5693,6118,3846,-1847
NEVP,"7/3/2022 2 p.m. PDT",5910,6382,4081,-1829
NEVP,"7/3/2022 3 p.m. PDT",6136,6671,4184,-1952
NEVP,"7/3/2022 4 p.m. PDT",6309,6869,4154,-2155
NEVP,"7/3/2022 5 p.m. PDT",6448,6900,4199,-2249
NEVP,"7/3/2022 6 p.m. PDT",6518,6917,4407,-2111
NEVP,"7/3/2022 7 p.m. PDT",6472,6809,4290,-2182
NEVP,"7/3/2022 8 p.m. PDT",6251,6646,3919,-2332
NEVP,"7/3/2022 9 p.m. PDT",6021,6310,3818,-2203
NEVP,"7/3/2022 10 p.m. PDT",5748,5936,3786,-1962
NEVP,"7/3/2022 11 p.m. PDT",5436,5584,4029,-1407
NEVP,"7/4/2022 12 a.m. PDT",5086,5270,4078,-1008
NEVP,"7/4/2022 1 a.m. PDT",4762,4995,4030,-732
NEVP,"7/4/2022 2 a.m. PDT",4517,4674,3873,-644
NEVP,"7/4/2022 3 a.m. PDT",4317,4394,3782,-535
NEVP,"7/4/2022 4 a.m. PDT",4148,4215,3770,-378
NEVP,"7/4/2022 5 a.m. PDT",4059,4106,3783,-276
NEVP,"7/4/2022 6 a.m. PDT",3935,4129,3710,-225
NEVP,"7/4/2022 7 a.m. PDT",3939,4208,2986,-953
NEVP,"7/4/2022 8 a.m. PDT",4105,4510,3188,-917
NEVP,"7/4/2022 9 a.m. PDT",4392,4822,3336,-1056
NEVP,"7/4/2022 10 a.m. PDT",4689,5095,3521,-1168
NEVP,"7/4/2022 11 a.m. PDT",4979,5405,3814,-1165
NEVP,"7/4/2022 12 p.m. PDT",5351,5674,4174,-1177
NEVP,"7/4/2022 1 p.m. PDT",5679,6006,4628,-1051
NEVP,"7/4/2022 2 p.m. PDT",5980,6325,4731,-1249
NEVP,"7/4/2022 3 p.m. PDT",6235,6689,4811,-1424
NEVP,"7/4/2022 4 p.m. PDT",6450,6850,4902,-1548
NEVP,"7/4/2022 5 p.m. PDT",6640,6973,4934,-1706
NEVP,"7/4/2022 6 p.m. PDT",6731,7028,4847,-1884
NEVP,"7/4/2022 7 p.m. PDT",6637,6935,4576,-2061
NEVP,"7/4/2022 8 p.m. PDT",6361,6729,4209,-2152
NEVP,"7/4/2022 9 p.m. PDT",6036,6375,4016,-2020
NEVP,"7/4/2022 10 p.m. PDT",5709,5976,3936,-1773
NEVP,"7/4/2022 11 p.m. PDT",5444,5606,3926,-1518
NEVP,"7/5/2022 12 a.m. PDT",5126,5284,3808,-1318
NEVP,"7/5/2022 1 a.m. PDT",4772,4869,3697,-1075
NEVP,"7/5/2022 2 a.m. PDT",4507,4559,3628,-879
NEVP,"7/5/2022 3 a.m. PDT",4292,4272,3540,-752
NEVP,"7/5/2022 4 a.m. PDT",4140,4113,3493,-647
NEVP,"7/5/2022 5 a.m. PDT",4077,4034,3463,-614
NEVP,"7/5/2022 6 a.m. PDT",4027,4079,3349,-678
NEVP,"7/5/2022 7 a.m. PDT",4075,4199,3273,-802
NEVP,"7/5/2022 8 a.m. PDT",4321,4493,3377,-944
NEVP,"7/5/2022 9 a.m. PDT",4629,4756,3505,-1124
NEVP,"7/5/2022 10 a.m. PDT",4971,5062,3676,-1295
NEVP,"7/5/2022 11 a.m. PDT",5331,5366,3942,-1389
NEVP,"7/5/2022 12 p.m. PDT",5721,5652,4678,-1043
NEVP,"7/5/2022 1 p.m. PDT",6067,5966,4914,-1153
NEVP,"7/5/2022 2 p.m. PDT",6426,6352,5210,-1216
NEVP,"7/5/2022 3 p.m. PDT",6733,6768,5413,-1320
NEVP,"7/5/2022 4 p.m. PDT",7003,7032,5471,-1532
NEVP,"7/5/2022 5 p.m. PDT",7203,7183,5541,-1662
NEVP,"7/5/2022 6 p.m. PDT",7298,7180,5577,-1721
NEVP,"7/5/2022 7 p.m. PDT",7204,7081,5289,-1915
NEVP,"7/5/2022 8 p.m. PDT",6921,6746,4605,-2316
NEVP,"7/5/2022 9 p.m. PDT",6612,6368,4414,-2198
NEVP,"7/5/2022 10 p.m. PDT",6248,5954,4454,-1794
NEVP,"7/5/2022 11 p.m. PDT",5880,5598,4652,-1228
NEVP,"7/6/2022 12 a.m. PDT",5478,5250,4426,-1052
NEVP,"7/6/2022 1 a.m. PDT",5112,4863,4301,-811
NEVP,"7/6/2022 2 a.m. PDT",4845,4641,4114,-731
NEVP,"7/6/2022 3 a.m. PDT",4606,4398,3747,-859
NEVP,"7/6/2022 4 a.m. PDT",4433,4220,3676,-757
NEVP,"7/6/2022 5 a.m. PDT",4338,4098,3666,-672
NEVP,"7/6/2022 6 a.m. PDT",4270,4158,3517,-753
NEVP,"7/6/2022 7 a.m. PDT",4319,4228,3282,-1037
NEVP,"7/6/2022 8 a.m. PDT",4610,4275,3270,-1340
NEVP,"7/6/2022 9 a.m. PDT",4948,4557,3471,-1477
NEVP,"7/6/2022 10 a.m. PDT",5278,4894,3712,-1566
NEVP,"7/6/2022 11 a.m. PDT",5626,5193,3994,-1632
NEVP,"7/6/2022 12 p.m. PDT",5980,5557,4151,-1829
NEVP,"7/6/2022 1 p.m. PDT",6264,5901,4591,-1673
NEVP,"7/6/2022 2 p.m. PDT",6561,6250,4925,-1636
NEVP,"7/6/2022 3 p.m. PDT",6773,6553,5160,-1613
NEVP,"7/6/2022 4 p.m. PDT",6973,6785,5297,-1676
NEVP,"7/6/2022 5 p.m. PDT",7136,6969,5381,-1755
NEVP,"7/6/2022 6 p.m. PDT",7203,7019,5521,-1682
NEVP,"7/6/2022 7 p.m. PDT",7113,6933,5126,-1987
NEVP,"7/6/2022 8 p.m. PDT",6845,6651,4662,-2183
NEVP,"7/6/2022 9 p.m. PDT",6578,6238,4645,-1933
NEVP,"7/6/2022 10 p.m. PDT",6241,5860,4666,-1575
NEVP,"7/6/2022 11 p.m. PDT",5816,5408,4586,-1230
NEVP,"7/7/2022 12 a.m. PDT",5387,5006,4484,-903
NEVP,"7/7/2022 1 a.m. PDT",5033,4776,4254,-779
NEVP,"7/7/2022 2 a.m. PDT",4751,4534,3913,-838
NEVP,"7/7/2022 3 a.m. PDT",4536,4315,3752,-784
NEVP,"7/7/2022 4 a.m. PDT",4395,4138,3695,-700
NEVP,"7/7/2022 5 a.m. PDT",4314,4073,3773,-541
NEVP,"7/7/2022 6 a.m. PDT",4266,3982,3813,-453
NEVP,"7/7/2022 7 a.m. PDT",4310,3968,3638,-672
NEVP,"7/7/2022 8 a.m. PDT",4607,4507,3501,-1106
NEVP,"7/7/2022 9 a.m. PDT",4953,4736,3667,-1286
NEVP,"7/7/2022 10 a.m. PDT",5321,5095,3729,-1592
NEVP,"7/7/2022 11 a.m. PDT",5699,5450,4477,-1222
NEVP,"7/7/2022 12 p.m. PDT",6120,5763,4707,-1413
NEVP,"7/7/2022 1 p.m. PDT",6451,6141,5149,-1302
NEVP,"7/7/2022 2 p.m. PDT",6797,6496,5248,-1549
NEVP,"7/7/2022 3 p.m. PDT",7113,6728,5345,-1768
NEVP,"7/7/2022 4 p.m. PDT",7398,7065,5607,-1791
NEVP,"7/7/2022 5 p.m. PDT",7596,7298,5912,-1684
NEVP,"7/7/2022 6 p.m. PDT",7679,7377,5976,-1703
NEVP,"7/7/2022 7 p.m. PDT",7583,7307,5895,-1688
NEVP,"7/7/2022 8 p.m. PDT",7290,6946,5355,-1935
NEVP,"7/7/2022 9 p.m. PDT",6951,6463,5168,-1783
NEVP,"7/7/2022 10 p.m. PDT",6566,6137,4938,-1628
NEVP,"7/7/2022 11 p.m. PDT",6096,5660,4889,-1207
NEVP,"7/8/2022 12 a.m. PDT",5632,5275,4671,-961
NEVP,"7/8/2022 1 a.m. PDT",5236,4816,4479,-757
NEVP,"7/8/2022 2 a.m. PDT",4916,4560,4243,-673
NEVP,"7/8/2022 3 a.m. PDT",4665,4328,3988,-677
NEVP,"7/8/2022 4 a.m. PDT",4476,4157,3778,-698
NEVP,"7/8/2022 5 a.m. PDT",4363,4075,3704,-659
NEVP,"7/8/2022 6 a.m. PDT",4304,4086,3203,-1101
NEVP,"7/8/2022 7 a.m. PDT",4355,4238,3064,-1291
NEVP,"7/8/2022 8 a.m. PDT",4632,4415,3526,-1106
NEVP,"7/8/2022 9 a.m. PDT",5003,4673,3672,-1331
NEVP,"7/8/2022 10 a.m. PDT",5360,5080,3815,-1545
NEVP,"7/8/2022 11 a.m. PDT",5811,5460,4052,-1759
NEVP,"7/8/2022 12 p.m. PDT",6267,5858,4500,-1767
NEVP,"7/8/2022 1 p.m. PDT",6681,6218,4837,-1844
NEVP,"7/8/2022 2 p.m. PDT",7042,6567,5146,-1896
NEVP,"7/8/2022 3 p.m. PDT",7323,6877,5589,-1734
NEVP,"7/8/2022 4 p.m. PDT",7561,7225,5801,-1760
NEVP,"7/8/2022 5 p.m. PDT",7738,7420,6063,-1675
NEVP,"7/8/2022 6 p.m. PDT",7800,7475,6124,-1676
NEVP,"7/8/2022 7 p.m. PDT",7655,7350,5754,-1901
NEVP,"7/8/2022 8 p.m. PDT",7276,7072,5177,-2099
NEVP,"7/8/2022 9 p.m. PDT",6950,6563,5036,-1914
NEVP,"7/8/2022 10 p.m. PDT",6554,6217,5000,-1554
NEVP,"7/8/2022 11 p.m. PDT",6056,5698,4791,-1265
NEVP,"7/9/2022 12 a.m. PDT",5620,5335,4572,-1048
NEVP,"7/9/2022 1 a.m. PDT",5204,4984,4390,-814
NEVP,"7/9/2022 2 a.m. PDT",4897,4720,4202,-695
NEVP,"7/9/2022 3 a.m. PDT",4659,4512,4063,-596
NEVP,"7/9/2022 4 a.m. PDT",4492,4321,3904,-588
NEVP,"7/9/2022 5 a.m. PDT",4379,4172,3874,-505
NEVP,"7/9/2022 6 a.m. PDT",4278,4138,3854,-424
NEVP,"7/9/2022 7 a.m. PDT",4247,4110,3092,-1155
NEVP,"7/9/2022 8 a.m. PDT",4476,4345,3084,-1392
NEVP,"7/9/2022 9 a.m. PDT",4845,4769,3379,-1466
NEVP,"7/9/2022 10 a.m. PDT",5290,5229,3812,-1478
NEVP,"7/9/2022 11 a.m. PDT",5759,5660,4274,-1485
NEVP,"7/9/2022 12 p.m. PDT",6253,6075,4590,-1663
NEVP,"7/9/2022 1 p.m. PDT",6699,6482,5132,-1567
NEVP,"7/9/2022 2 p.m. PDT",7105,6797,5477,-1628
NEVP,"7/9/2022 3 p.m. PDT",7421,7227,5373,-2048
NEVP,"7/9/2022 4 p.m. PDT",7686,7504,5659,-2027
NEVP,"7/9/2022 5 p.m. PDT",7890,7604,5940,-1950
NEVP,"7/9/2022 6 p.m. PDT",7970,7598,5897,-2073
NEVP,"7/9/2022 7 p.m. PDT",7859,7502,5677,-2182
NEVP,"7/9/2022 8 p.m. PDT",7545,7208,5215,-2330
NEVP,"7/9/2022 9 p.m. PDT",7170,6808,5035,-2135
NEVP,"7/9/2022 10 p.m. PDT",6734,6490,4960,-1774
NEVP,"7/9/2022 11 p.m. PDT",6252,6029,5110,-1142
NEVP,"7/10/2022 12 a.m. PDT",5812,5637,4725,-1087
NEVP,"7/10/2022 1 a.m. PDT",5419,5124,4483,-936
NEVP,"7/10/2022 2 a.m. PDT",5076,4827,4388,-688
NEVP,"7/10/2022 3 a.m. PDT",4807,4590,4159,-648
NEVP,"7/10/2022 4 a.m. PDT",4617,4395,4016,-601
NEVP,"7/10/2022 5 a.m. PDT",4467,4217,3813,-654
NEVP,"7/10/2022 6 a.m. PDT",4314,4217,3788,-526
NEVP,"7/10/2022 7 a.m. PDT",4241,4132,3679,-562
NEVP,"7/10/2022 8 a.m. PDT",4479,4280,3551,-928
NEVP,"7/10/2022 9 a.m. PDT",4893,4656,3539,-1354
NEVP,"7/10/2022 10 a.m. PDT",5345,5073,3449,-1896
NEVP,"7/10/2022 11 a.m. PDT",5821,5520,3994,-1827
NEVP,"7/10/2022 12 p.m. PDT",6375,5980,4551,-1824
NEVP,"7/10/2022 1 p.m. PDT",6825,6461,5137,-1688
NEVP,"7/10/2022 2 p.m. PDT",7242,6872,5706,-1536
NEVP,"7/10/2022 3 p.m. PDT",7612,7312,5869,-1743
NEVP,"7/10/2022 4 p.m. PDT",7933,7634,6080,-1853
NEVP,"7/10/2022 5 p.m. PDT",8169,7900,6120,-2049
NEVP,"7/10/2022 6 p.m. PDT",8307,7942,6178,-2129
NEVP,"7/10/2022 7 p.m. PDT",8268,8016,5800,-2468
NEVP,"7/10/2022 8 p.m. PDT",7989,7764,5411,-2578
NEVP,"7/10/2022 9 p.m. PDT",7603,7314,5318,-2285
NEVP,"7/10/2022 10 p.m. PDT",7220,6953,5235,-1985
NEVP,"7/10/2022 11 p.m. PDT",6684,6431,5345,-1339
NEVP,"7/11/2022 12 a.m. PDT",6194,5901,4954,-1240
NEVP,"7/11/2022 1 a.m. PDT",5740,5360,4903,-837
NEVP,"7/11/2022 2 a.m. PDT",5383,5091,4810,-573
NEVP,"7/11/2022 3 a.m. PDT",5108,4820,4510,-598
NEVP,"7/11/2022 4 a.m. PDT",4913,4632,4191,-722
NEVP,"7/11/2022 5 a.m. PDT",4785,4473,4170,-615
NEVP,"7/11/2022 6 a.m. PDT",4721,4438,4164,-557
NEVP,"7/11/2022 7 a.m. PDT",4762,4428,4219,-543
NEVP,"7/11/2022 8 a.m. PDT",5151,4747,4397,-754
NEVP,"7/11/2022 9 a.m. PDT",5591,5129,4460,-1131
NEVP,"7/11/2022 10 a.m. PDT",6052,5564,4537,-1515
NEVP,"7/11/2022 11 a.m. PDT",6559,6043,4751,-1808
NEVP,"7/11/2022 12 p.m. PDT",7049,6546,5324,-1725
NEVP,"7/11/2022 1 p.m. PDT",7494,6981,5869,-1625
NEVP,"7/11/2022 2 p.m. PDT",7897,7400,6183,-1714
NEVP,"7/11/2022 3 p.m. PDT",8315,7820,6396,-1919
NEVP,"7/11/2022 4 p.m. PDT",8631,8132,6693,-1938
NEVP,"7/11/2022 5 p.m. PDT",8843,8272,6926,-1917
NEVP,"7/11/2022 6 p.m. PDT",8947,8362,6773,-2174
NEVP,"7/11/2022 7 p.m. PDT",8866,8388,6215,-2651
NEVP,"7/11/2022 8 p.m. PDT",8506,8164,5724,-2782
NEVP,"7/11/2022 9 p.m. PDT",8153,7717,5673,-2480
NEVP,"7/11/2022 10 p.m. PDT",7701,7328,5559,-2142
NEVP,"7/11/2022 11 p.m. PDT",7083,6729,5494,-1589
NEVP,"7/12/2022 12 a.m. PDT",6531,6120,5044,-1487
NEVP,"7/12/2022 1 a.m. PDT",6009,5549,4864,-1145
NEVP,"7/12/2022 2 a.m. PDT",5619,5202,4551,-1068
NEVP,"7/12/2022 3 a.m. PDT",5324,4904,4061,-1263
NEVP,"7/12/2022 4 a.m. PDT",5105,4743,3911,-1194
NEVP,"7/12/2022 5 a.m. PDT",4959,4584,3716,-1243
NEVP,"7/12/2022 6 a.m. PDT",4883,4579,3635,-1248
NEVP,"7/12/2022 7 a.m. PDT",4892,4602,3964,-928
NEVP,"7/12/2022 8 a.m. PDT",5295,4903,3823,-1472
NEVP,"7/12/2022 9 a.m. PDT",5699,5314,4307,-1392
NEVP,"7/12/2022 10 a.m. PDT",6180,5718,4744,-1436
NEVP,"7/12/2022 11 a.m. PDT",6725,6184,4923,-1802
NEVP,"7/12/2022 12 p.m. PDT",7236,6765,5110,-2126
NEVP,"7/12/2022 1 p.m. PDT",7720,7227,5485,-2235
NEVP,"7/12/2022 2 p.m. PDT",8169,7680,5965,-2204
NEVP,"7/12/2022 3 p.m. PDT",8554,8077,6409,-2145
NEVP,"7/12/2022 4 p.m. PDT",8826,8375,6633,-2193
NEVP,"7/12/2022 5 p.m. PDT",8924,8506,6720,-2204
NEVP,"7/12/2022 6 p.m. PDT",8970,8573,6473,-2497
NEVP,"7/12/2022 7 p.m. PDT",8837,8407,6120,-2717
NEVP,"7/12/2022 8 p.m. PDT",8461,8044,5429,-3032
NEVP,"7/12/2022 9 p.m. PDT",8155,7611,5581,-2574
NEVP,"7/12/2022 10 p.m. PDT",7734,7092,5544,-2190
NEVP,"7/12/2022 11 p.m. PDT",7197,6486,5426,-1771
NEVP,"7/13/2022 12 a.m. PDT",6693,6024,5189,-1504
NEVP,"7/13/2022 1 a.m. PDT",6251,5703,5168,-1083
NEVP,"7/13/2022 2 a.m. PDT",5903,5340,4776,-1127
NEVP,"7/13/2022 3 a.m. PDT",5618,5053,4302,-1316
NEVP,"7/13/2022 4 a.m. PDT",5406,4896,4191,-1215
NEVP,"7/13/2022 5 a.m. PDT",5292,4714,4247,-1045
NEVP,"7/13/2022 6 a.m. PDT",5242,4643,4209,-1033
NEVP,"7/13/2022 7 a.m. PDT",5238,4682,4338,-900
NEVP,"7/13/2022 8 a.m. PDT",5616,5146,4388,-1228
NEVP,"7/13/2022 9 a.m. PDT",5998,5591,4694,-1304
NEVP,"7/13/2022 10 a.m. PDT",6408,6001,5065,-1343
NEVP,"7/13/2022 11 a.m. PDT",6875,6453,5375,-1500
NEVP,"7/13/2022 12 p.m. PDT",7317,6875,5622,-1695
NEVP,"7/13/2022 1 p.m. PDT",7633,7401,6075,-1558
NEVP,"7/13/2022 2 p.m. PDT",8074,7867,6474,-1600
NEVP,"7/13/2022 3 p.m. PDT",8407,8162,6285,-2122
NEVP,"7/13/2022 4 p.m. PDT",8634,8404,6178,-2456
NEVP,"7/13/2022 5 p.m. PDT",8752,8562,6168,-2584
NEVP,"7/13/2022 6 p.m. PDT",8745,8605,6057,-2688
NEVP,"7/13/2022 7 p.m. PDT",8591,8508,5897,-2694
NEVP,"7/13/2022 8 p.m. PDT",8290,8254,5285,-3005
NEVP,"7/13/2022 9 p.m. PDT",8016,7887,5182,-2834
NEVP,"7/13/2022 10 p.m. PDT",7627,7346,5130,-2497
NEVP,"7/13/2022 11 p.m. PDT",7094,6890,5131,-1963
NEVP,"7/14/2022 12 a.m. PDT",6648,6323,5098,-1550
NEVP,"7/14/2022 1 a.m. PDT",6238,5848,4890,-1348
NEVP,"7/14/2022 2 a.m. PDT",5898,5518,4683,-1215
NEVP,"7/14/2022 3 a.m. PDT",5622,5268,4497,-1125
NEVP,"7/14/2022 4 a.m. PDT",5415,5087,4366,-1049
NEVP,"7/14/2022 5 a.m. PDT",5308,4986,4341,-967
NEVP,"7/14/2022 6 a.m. PDT",5212,5007,4397,-815
NEVP,"7/14/2022 7 a.m. PDT",5230,4987,4028,-1202
NEVP,"7/14/2022 8 a.m. PDT",5612,5051,4232,-1380
NEVP,"7/14/2022 9 a.m. PDT",6037,5448,4231,-1806
NEVP,"7/14/2022 10 a.m. PDT",6498,5838,4723,-1775
NEVP,"7/14/2022 11 a.m. PDT",6965,6266,4843,-2122
NEVP,"7/14/2022 12 p.m. PDT",7427,6659,5307,-2120
NEVP,"7/14/2022 1 p.m. PDT",7798,7059,5763,-2035
NEVP,"7/14/2022 2 p.m. PDT",8043,7499,5721,-2322
NEVP,"7/14/2022 3 p.m. PDT",8225,7776,5793,-2432
NEVP,"7/14/2022 4 p.m. PDT",8179,7877,5611,-2568
NEVP,"7/14/2022 5 p.m. PDT",7863,7925,5394,-2469
NEVP,"7/14/2022 6 p.m. PDT",7566,7893,5272,-2294
NEVP,"7/14/2022 7 p.m. PDT",7144,7813,5101,-2043
NEVP,"7/14/2022 8 p.m. PDT",6782,7739,4908,-1874
NEVP,"7/14/2022 9 p.m. PDT",6485,7357,4812,-1673
NEVP,"7/14/2022 10 p.m. PDT",6181,7093,4661,-1520
NEVP,"7/14/2022 11 p.m. PDT",5780,6596,4479,-1301
NEVP,"7/15/2022 12 a.m. PDT",5462,6094,4309,-1153
NEVP,"7/15/2022 1 a.m. PDT",5124,5620,4098,-1026
NEVP,"7/15/2022 2 a.m. PDT",4897,5319,3833,-1064
NEVP,"7/15/2022 3 a.m. PDT",4742,5067,3698,-1044
NEVP,"7/15/2022 4 a.m. PDT",4651,4879,3678,-973
NEVP,"7/15/2022 5 a.m. PDT",4605,4826,3560,-1045
NEVP,"7/15/2022 6 a.m. PDT",4602,4824,3499,-1103
NEVP,"7/15/2022 7 a.m. PDT",4639,4836,3077,-1562
NEVP,"7/15/2022 8 a.m. PDT",4924,5095,3695,-1229
NEVP,"7/15/2022 9 a.m. PDT",5309,5512,4127,-1182
NEVP,"7/15/2022 10 a.m. PDT",5704,5907,4375,-1329
NEVP,"7/15/2022 11 a.m. PDT",6116,6298,4825,-1291
NEVP,"7/15/2022 12 p.m. PDT",6511,6644,5267,-1244
NEVP,"7/15/2022 1 p.m. PDT",6910,7169,5387,-1523
NEVP,"7/15/2022 2 p.m. PDT",7303,7651,5806,-1497
NEVP,"7/15/2022 3 p.m. PDT",7708,7967,6005,-1703
NEVP,"7/15/2022 4 p.m. PDT",8081,8129,5984,-2097
NEVP,"7/15/2022 5 p.m. PDT",8283,8194,6050,-2233
NEVP,"7/15/2022 6 p.m. PDT",8186,8135,6070,-2116
NEVP,"7/15/2022 7 p.m. PDT",7896,7941,5780,-2116
NEVP,"7/15/2022 8 p.m. PDT",7636,7777,5318,-2318
NEVP,"7/15/2022 9 p.m. PDT",7419,7514,5204,-2215
NEVP,"7/15/2022 10 p.m. PDT",7107,7144,5064,-2043
NEVP,"7/15/2022 11 p.m. PDT",6661,6691,4984,-1677
NEVP,"7/16/2022 12 a.m. PDT",6222,6161,4883,-1339
NEVP,"7/16/2022 1 a.m. PDT",5808,5635,4784,-1024
NEVP,"7/16/2022 2 a.m. PDT",5519,5298,4602,-917
NEVP,"7/16/2022 3 a.m. PDT",5313,5057,4531,-782
NEVP,"7/16/2022 4 a.m. PDT",5129,4871,4124,-1005
NEVP,"7/16/2022 5 a.m. PDT",4997,4807,3962,-1035
NEVP,"7/16/2022 6 a.m. PDT",4889,4743,3862,-1027
NEVP,"7/16/2022 7 a.m. PDT",4844,4666,3598,-1246
NEVP,"7/16/2022 8 a.m. PDT",5133,5083,3803,-1330
NEVP,"7/16/2022 9 a.m. PDT",5628,5470,4251,-1377
NEVP,"7/16/2022 10 a.m. PDT",6097,5888,4676,-1421
NEVP,"7/16/2022 11 a.m. PDT",6600,6262,5144,-1456
NEVP,"7/16/2022 12 p.m. PDT",7072,6686,5492,-1580
NEVP,"7/16/2022 1 p.m. PDT",7490,7163,5851,-1639
NEVP,"7/16/2022 2 p.m. PDT",7886,7677,5932,-1954
NEVP,"7/16/2022 3 p.m. PDT",8226,7946,6076,-2150
NEVP,"7/16/2022 4 p.m. PDT",8533,8251,6216,-2317
NEVP,"7/16/2022 5 p.m. PDT",8607,8402,6039,-2568
NEVP,"7/16/2022 6 p.m. PDT",8147,8416,5934,-2213
NEVP,"7/16/2022 7 p.m. PDT",7882,8236,5459,-2423
NEVP,"7/16/2022 8 p.m. PDT",7589,7995,4966,-2623
NEVP,"7/16/2022 9 p.m. PDT",7308,7683,4954,-2354
NEVP,"7/16/2022 10 p.m. PDT",6976,7320,5031,-1945
NEVP,"7/16/2022 11 p.m. PDT",6621,6793,4985,-1636
NEVP,"7/17/2022 12 a.m. PDT",6183,6349,4879,-1304
NEVP,"7/17/2022 1 a.m. PDT",5786,5758,4922,-864
NEVP,"7/17/2022 2 a.m. PDT",5483,5490,4774,-709
NEVP,"7/17/2022 3 a.m. PDT",5299,5111,4512,-787
NEVP,"7/17/2022 4 a.m. PDT",5216,5010,4237,-979
NEVP,"7/17/2022 5 a.m. PDT",5145,4964,4227,-918
NEVP,"7/17/2022 6 a.m. PDT",5071,4872,4129,-942
NEVP,"7/17/2022 7 a.m. PDT",5011,4876,3639,-1372
NEVP,"7/17/2022 8 a.m. PDT",5151,4993,3311,-1840
NEVP,"7/17/2022 9 a.m. PDT",5372,5469,3802,-1570
NEVP,"7/17/2022 10 a.m. PDT",5690,5885,4169,-1521
NEVP,"7/17/2022 11 a.m. PDT",6060,6331,4905,-1155
NEVP,"7/17/2022 12 p.m. PDT",6485,6770,5540,-945
NEVP,"7/17/2022 1 p.m. PDT",6912,7267,5934,-978
NEVP,"7/17/2022 2 p.m. PDT",7338,7767,6223,-1115
NEVP,"7/17/2022 3 p.m. PDT",7688,8031,6236,-1452
NEVP,"7/17/2022 4 p.m. PDT",8037,8324,6399,-1638
NEVP,"7/17/2022 5 p.m. PDT",8285,8383,6668,-1617
NEVP,"7/17/2022 6 p.m. PDT",8434,8379,6415,-2019
NEVP,"7/17/2022 7 p.m. PDT",8359,8249,5734,-2625
NEVP,"7/17/2022 8 p.m. PDT",8107,8024,5192,-2915
NEVP,"7/17/2022 9 p.m. PDT",7798,7774,5028,-2770
NEVP,"7/17/2022 10 p.m. PDT",7398,7370,4937,-2461
NEVP,"7/17/2022 11 p.m. PDT",6938,6838,4866,-2072
NEVP,"7/18/2022 12 a.m. PDT",6453,6420,4608,-1845
NEVP,"7/18/2022 1 a.m. PDT",5996,5860,4730,-1266
NEVP,"7/18/2022 2 a.m. PDT",5659,5488,4565,-1094
NEVP,"7/18/2022 3 a.m. PDT",5397,5215,4479,-918
NEVP,"7/18/2022 4 a.m. PDT",5225,5006,4369,-856
NEVP,"7/18/2022 5 a.m. PDT",5232,4873,4370,-862
NEVP,"7/18/2022 6 a.m. PDT",5263,4914,4170,-1093
NEVP,"7/18/2022 7 a.m. PDT",5237,4908,3933,-1304
NEVP,"7/18/2022 8 a.m. PDT",5405,5138,3640,-1765
NEVP,"7/18/2022 9 a.m. PDT",5690,5592,3951,-1739
NEVP,"7/18/2022 10 a.m. PDT",6002,6035,4464,-1538
NEVP,"7/18/2022 11 a.m. PDT",6280,6497,5091,-1189
NEVP,"7/18/2022 12 p.m. PDT",6552,6976,5567,-985
NEVP,"7/18/2022 1 p.m. PDT",6852,7449,5947,-905
NEVP,"7/18/2022 2 p.m. PDT",7259,7848,5977,-1282
NEVP,"7/18/2022 3 p.m. PDT",7727,8067,6153,-1574
NEVP,"7/18/2022 4 p.m. PDT",7833,8246,5963,-1870
NEVP,"7/18/2022 5 p.m. PDT",7844,8320,5778,-2066
NEVP,"7/18/2022 6 p.m. PDT",7858,8277,5605,-2253
NEVP,"7/18/2022 7 p.m. PDT",7607,8128,5244,-2363
NEVP,"7/18/2022 8 p.m. PDT",7304,7882,5125,-2179
NEVP,"7/18/2022 9 p.m. PDT",7116,7597,5015,-2101
NEVP,"7/18/2022 10 p.m. PDT",6781,7268,4711,-2070
NEVP,"7/18/2022 11 p.m. PDT",6343,6838,4937,-1406
NEVP,"7/19/2022 12 a.m. PDT",5921,6241,4803,-1118
NEVP,"7/19/2022 1 a.m. PDT",5545,5304,4515,-1030
NEVP,"7/19/2022 2 a.m. PDT",5284,5108,4378,-906
NEVP,"7/19/2022 3 a.m. PDT",5088,4967,4019,-1069
NEVP,"7/19/2022 4 a.m. PDT",4935,4854,3943,-992
NEVP,"7/19/2022 5 a.m. PDT",4869,4774,3664,-1205
NEVP,"7/19/2022 6 a.m. PDT",4841,4726,3805,-1036
NEVP,"7/19/2022 7 a.m. PDT",4911,4772,3583,-1328
NEVP,"7/19/2022 8 a.m. PDT",5242,5108,4305,-937
NEVP,"7/19/2022 9 a.m. PDT",5694,5430,4867,-827
NEVP,"7/19/2022 10 a.m. PDT",6115,5803,5295,-820
NEVP,"7/19/2022 11 a.m. PDT",6556,6196,5235,-1321
NEVP,"7/19/2022 12 p.m. PDT",7065,6584,5316,-1749
NEVP,"7/19/2022 1 p.m. PDT",7504,6976,5695,-1809
NEVP,"7/19/2022 2 p.m. PDT",7873,7334,5896,-1977
NEVP,"7/19/2022 3 p.m. PDT",8230,7652,5857,-2373
NEVP,"7/19/2022 4 p.m. PDT",8571,7927,5702,-2869
NEVP,"7/19/2022 5 p.m. PDT",8800,8097,5924,-2876
NEVP,"7/19/2022 6 p.m. PDT",8775,8063,6431,-2344
NEVP,"7/19/2022 7 p.m. PDT",8613,7873,6159,-2454
NEVP,"7/19/2022 8 p.m. PDT",8293,7605,5578,-2715
NEVP,"7/19/2022 9 p.m. PDT",7944,7202,5247,-2697
NEVP,"7/19/2022 10 p.m. PDT",7490,6709,5272,-2218
NEVP,"7/19/2022 11 p.m. PDT",6978,6227,5051,-1927
NEVP,"7/20/2022 12 a.m. PDT",6458,5835,4709,-1749
NEVP,"7/20/2022 1 a.m. PDT",5998,5440,4571,-1427
NEVP,"7/20/2022 2 a.m. PDT",5676,5176,4374,-1302
NEVP,"7/20/2022 3 a.m. PDT",5435,4937,4092,-1343
NEVP,"7/20/2022 4 a.m. PDT",5253,4789,3891,-1362
NEVP,"7/20/2022 5 a.m. PDT",5125,4716,3809,-1316
NEVP,"7/20/2022 6 a.m. PDT",5041,4702,4148,-893
NEVP,"7/20/2022 7 a.m. PDT",5061,4817,4610,-451
NEVP,"7/20/2022 8 a.m. PDT",5409,5099,4504,-905
NEVP,"7/20/2022 9 a.m. PDT",5864,5379,4652,-1212
NEVP,"7/20/2022 10 a.m. PDT",6327,5768,4936,-1391
NEVP,"7/20/2022 11 a.m. PDT",6811,6174,5362,-1449
NEVP,"7/20/2022 12 p.m. PDT",7286,6583,5450,-1836
NEVP,"7/20/2022 1 p.m. PDT",7704,6955,5616,-2088
NEVP,"7/20/2022 2 p.m. PDT",8088,7289,5733,-2355
NEVP,"7/20/2022 3 p.m. PDT",8404,7584,6111,-2293
NEVP,"7/20/2022 4 p.m. PDT",8652,7839,6436,-2216
NEVP,"7/20/2022 5 p.m. PDT",8762,7930,6654,-2108
NEVP,"7/20/2022 6 p.m. PDT",8742,7879,6539,-2203
NEVP,"7/20/2022 7 p.m. PDT",8534,7676,6158,-2376
NEVP,"7/20/2022 8 p.m. PDT",8116,7405,5996,-2120
NEVP,"7/20/2022 9 p.m. PDT",7886,7007,5956,-1930
NEVP,"7/20/2022 10 p.m. PDT",7512,6582,5802,-1710
NEVP,"7/20/2022 11 p.m. PDT",7004,6179,5546,-1458
NEVP,"7/21/2022 12 a.m. PDT",6492,5757,5057,-1435
NEVP,"7/21/2022 1 a.m. PDT",6034,5575,4881,-1153
NEVP,"7/21/2022 2 a.m. PDT",5703,5290,4468,-1235
NEVP,"7/21/2022 3 a.m. PDT",5437,5042,4177,-1260
NEVP,"7/21/2022 4 a.m. PDT",5228,4915,4167,-1061
NEVP,"7/21/2022 5 a.m. PDT",5104,4821,3966,-1138
NEVP,"7/21/2022 6 a.m. PDT",5059,4808,3918,-1141
NEVP,"7/21/2022 7 a.m. PDT",5112,4918,4055,-1057
NEVP,"7/21/2022 8 a.m. PDT",5476,5112,4715,-761
NEVP,"7/21/2022 9 a.m. PDT",5941,5392,5224,-717
NEVP,"7/21/2022 10 a.m. PDT",6328,5759,5324,-1004
NEVP,"7/21/2022 11 a.m. PDT",6788,6217,5720,-1068
NEVP,"7/21/2022 12 p.m. PDT",7214,6664,5843,-1371
NEVP,"7/21/2022 1 p.m. PDT",7721,7109,5984,-1737
NEVP,"7/21/2022 2 p.m. PDT",8216,7508,6388,-1828
NEVP,"7/21/2022 3 p.m. PDT",8507,7907,6640,-1867
NEVP,"7/21/2022 4 p.m. PDT",8742,8199,6734,-2008
NEVP,"7/21/2022 5 p.m. PDT",8866,8343,6641,-2225
NEVP,"7/21/2022 6 p.m. PDT",8910,8361,6493,-2417
NEVP,"7/21/2022 7 p.m. PDT",8749,8241,6328,-2421
NEVP,"7/21/2022 8 p.m. PDT",8344,7896,5743,-2601
NEVP,"7/21/2022 9 p.m. PDT",8019,7555,5580,-2439
NEVP,"7/21/2022 10 p.m. PDT",7603,7089,5233,-2370
NEVP,"7/21/2022 11 p.m. PDT",7046,6600,4920,-2126
NEVP,"7/22/2022 12 a.m. PDT",6481,6090,4739,-1742
NEVP,"7/22/2022 1 a.m. PDT",6056,5645,4589,-1467
NEVP,"7/22/2022 2 a.m. PDT",5699,5359,4334,-1365
NEVP,"7/22/2022 3 a.m. PDT",5431,5105,4174,-1257
NEVP,"7/22/2022 4 a.m. PDT",5203,4983,3953,-1250
NEVP,"7/22/2022 5 a.m. PDT",5071,4863,3901,-1170
NEVP,"7/22/2022 6 a.m. PDT",4970,4846,3994,-976
NEVP,"7/22/2022 7 a.m. PDT",4970,4887,3856,-1114
NEVP,"7/22/2022 8 a.m. PDT",5243,5295,3929,-1314
NEVP,"7/22/2022 9 a.m. PDT",5566,5668,4021,-1545
NEVP,"7/22/2022 10 a.m. PDT",5956,6095,4348,-1608
NEVP,"7/22/2022 11 a.m. PDT",6491,6561,4820,-1671
NEVP,"7/22/2022 12 p.m. PDT",7013,6997,5204,-1809
NEVP,"7/22/2022 1 p.m. PDT",7519,7408,5713,-1806
NEVP,"7/22/2022 2 p.m. PDT",8021,7872,5838,-2183
NEVP,"7/22/2022 3 p.m. PDT",8415,8199,6061,-2354
NEVP,"7/22/2022 4 p.m. PDT",8651,8389,6049,-2602
NEVP,"7/22/2022 5 p.m. PDT",8694,8450,5989,-2705
NEVP,"7/22/2022 6 p.m. PDT",8577,8367,5851,-2726
NEVP,"7/22/2022 7 p.m. PDT",8346,8176,5944,-2402
NEVP,"7/22/2022 8 p.m. PDT",7936,7853,5454,-2482
NEVP,"7/22/2022 9 p.m. PDT",7705,7438,5290,-2415
NEVP,"7/22/2022 10 p.m. PDT",7341,6985,5041,-2300
NEVP,"7/22/2022 11 p.m. PDT",6857,6481,4971,-1886
NEVP,"7/23/2022 12 a.m. PDT",6369,5961,4751,-1618
NEVP,"7/23/2022 1 a.m. PDT",5951,5610,4678,-1273
NEVP,"7/23/2022 2 a.m. PDT",5621,5279,4366,-1255
NEVP,"7/23/2022 3 a.m. PDT",5363,5011,4266,-1097
NEVP,"7/23/2022 4 a.m. PDT",5174,4817,4121,-1053
NEVP,"7/23/2022 5 a.m. PDT",5038,4680,4164,-874
NEVP,"7/23/2022 6 a.m. PDT",4900,4628,4173,-727
NEVP,"7/23/2022 7 a.m. PDT",4788,4610,4175,-613
NEVP,"7/23/2022 8 a.m. PDT",5017,5135,4162,-855
NEVP,"7/23/2022 9 a.m. PDT",5450,5558,3923,-1527
NEVP,"7/23/2022 10 a.m. PDT",5870,6001,3939,-1931
NEVP,"7/23/2022 11 a.m. PDT",6180,6425,4111,-2069
NEVP,"7/23/2022 12 p.m. PDT",6311,6869,4623,-1688
NEVP,"7/23/2022 1 p.m. PDT",6634,7336,4815,-1819
NEVP,"7/23/2022 2 p.m. PDT",7031,7745,4995,-2036
NEVP,"7/23/2022 3 p.m. PDT",7130,8040,5168,-1962
NEVP,"7/23/2022 4 p.m. PDT",7141,8247,5433,-1708
NEVP,"7/23/2022 5 p.m. PDT",7208,8369,5428,-1780
NEVP,"7/23/2022 6 p.m. PDT",7276,8233,5533,-1743
NEVP,"7/23/2022 7 p.m. PDT",7226,7993,5132,-2094
NEVP,"7/23/2022 8 p.m. PDT",7017,7723,4380,-2637
NEVP,"7/23/2022 9 p.m. PDT",6837,7281,4591,-2246
NEVP,"7/23/2022 10 p.m. PDT",6515,6802,4547,-1968
NEVP,"7/23/2022 11 p.m. PDT",6222,6361,4557,-1665
NEVP,"7/24/2022 12 a.m. PDT",5893,5881,4414,-1479
NEVP,"7/24/2022 1 a.m. PDT",5567,5444,4274,-1293
NEVP,"7/24/2022 2 a.m. PDT",5286,5148,4204,-1082
NEVP,"7/24/2022 3 a.m. PDT",5052,4940,4209,-843
NEVP,"7/24/2022 4 a.m. PDT",4888,4813,4124,-764
NEVP,"7/24/2022 5 a.m. PDT",4780,4722,4113,-667
NEVP,"7/24/2022 6 a.m. PDT",4702,4683,3790,-912
NEVP,"7/24/2022 7 a.m. PDT",4642,4785,3364,-1278
NEVP,"7/24/2022 8 a.m. PDT",4868,4987,3747,-1121
NEVP,"7/24/2022 9 a.m. PDT",5317,5346,4022,-1295
NEVP,"7/24/2022 10 a.m. PDT",5778,5740,4306,-1472
NEVP,"7/24/2022 11 a.m. PDT",6269,6172,4551,-1718
NEVP,"7/24/2022 12 p.m. PDT",6696,6685,4924,-1772
NEVP,"7/24/2022 1 p.m. PDT",7006,7152,5363,-1643
NEVP,"7/24/2022 2 p.m. PDT",7292,7506,5536,-1756
NEVP,"7/24/2022 3 p.m. PDT",7564,7747,5567,-1997
NEVP,"7/24/2022 4 p.m. PDT",7852,7916,5791,-2061
NEVP,"7/24/2022 5 p.m. PDT",8111,8005,5570,-2541
NEVP,"7/24/2022 6 p.m. PDT",8185,8025,5555,-2630
NEVP,"7/24/2022 7 p.m. PDT",8059,7852,5428,-2631
NEVP,"7/24/2022 8 p.m. PDT",7771,7553,5061,-2710
NEVP,"7/24/2022 9 p.m. PDT",7511,7081,4988,-2523
NEVP,"7/24/2022 10 p.m. PDT",7162,6677,4840,-2322
NEVP,"7/24/2022 11 p.m. PDT",6700,6232,4908,-1792
NEVP,"7/25/2022 12 a.m. PDT",6236,5787,4670,-1566
NEVP,"7/25/2022 1 a.m. PDT",5836,5438,4531,-1305
NEVP,"7/25/2022 2 a.m. PDT",5560,5153,4606,-954
NEVP,"7/25/2022 3 a.m. PDT",5383,4927,4310,-1073
NEVP,"7/25/2022 4 a.m. PDT",5264,4785,4247,-1017
NEVP,"7/25/2022 5 a.m. PDT",5218,4741,4212,-1006
NEVP,"7/25/2022 6 a.m. PDT",5201,4765,4160,-1041
NEVP,"7/25/2022 7 a.m. PDT",5186,4795,3821,-1365
NEVP,"7/25/2022 8 a.m. PDT",5358,5059,3874,-1484
NEVP,"7/25/2022 9 a.m. PDT",5609,5390,4165,-1444
NEVP,"7/25/2022 10 a.m. PDT",5996,5773,4566,-1430
NEVP,"7/25/2022 11 a.m. PDT",6313,6175,4889,-1424
NEVP,"7/25/2022 12 p.m. PDT",6611,6585,5048,-1563
NEVP,"7/25/2022 1 p.m. PDT",6962,7011,4759,-2203
NEVP,"7/25/2022 2 p.m. PDT",7200,7310,4909,-2291
NEVP,"7/25/2022 3 p.m. PDT",6915,7594,4815,-2100
NEVP,"7/25/2022 4 p.m. PDT",6708,7769,4667,-2041
NEVP,"7/25/2022 5 p.m. PDT",6647,7843,4800,-1847
NEVP,"7/25/2022 6 p.m. PDT",6586,7748,4831,-1755
NEVP,"7/25/2022 7 p.m. PDT",6476,7505,4855,-1621
NEVP,"7/25/2022 8 p.m. PDT",6305,7188,4711,-1594
NEVP,"7/25/2022 9 p.m. PDT",6201,6746,4850,-1351
NEVP,"7/25/2022 10 p.m. PDT",5971,6355,4639,-1332
NEVP,"7/25/2022 11 p.m. PDT",5674,5902,4505,-1169
NEVP,"7/26/2022 12 a.m. PDT",5346,5510,4263,-1083
NEVP,"7/26/2022 1 a.m. PDT",5063,5241,4278,-785
NEVP,"7/26/2022 2 a.m. PDT",4855,4961,4110,-745
NEVP,"7/26/2022 3 a.m. PDT",4705,4796,3951,-754
NEVP,"7/26/2022 4 a.m. PDT",4612,4645,3809,-803
NEVP,"7/26/2022 5 a.m. PDT",4588,4595,3645,-943
NEVP,"7/26/2022 6 a.m. PDT",4608,4666,3898,-710
NEVP,"7/26/2022 7 a.m. PDT",4635,4577,3496,-1139
NEVP,"7/26/2022 8 a.m. PDT",4835,4790,4073,-762
NEVP,"7/26/2022 9 a.m. PDT",5182,5216,4170,-1012
NEVP,"7/26/2022 10 a.m. PDT",5513,5673,4308,-1205
NEVP,"7/26/2022 11 a.m. PDT",5889,6163,4493,-1396
NEVP,"7/26/2022 12 p.m. PDT",6284,6478,4841,-1443
NEVP,"7/26/2022 1 p.m. PDT",6584,6795,5215,-1369
NEVP,"7/26/2022 2 p.m. PDT",6908,7013,5094,-1814
NEVP,"7/26/2022 3 p.m. PDT",7196,7114,4643,-2553
NEVP,"7/26/2022 4 p.m. PDT",7144,7217,4817,-2327
NEVP,"7/26/2022 5 p.m. PDT",7069,7288,4822,-2247
NEVP,"7/26/2022 6 p.m. PDT",7001,7312,4993,-2008
NEVP,"7/26/2022 7 p.m. PDT",6853,7235,4868,-1985
NEVP,"7/26/2022 8 p.m. PDT",6704,7026,4773,-1931
NEVP,"7/26/2022 9 p.m. PDT",6609,6691,4792,-1817
NEVP,"7/26/2022 10 p.m. PDT",6369,6416,4643,-1726
NEVP,"7/26/2022 11 p.m. PDT",6024,6055,4424,-1600
NEVP,"7/27/2022 12 a.m. PDT",5687,5675,3827,-1860
NEVP,"7/27/2022 1 a.m. PDT",5368,4614,4193,-1175
NEVP,"7/27/2022 2 a.m. PDT",5164,4381,4135,-1029
NEVP,"7/27/2022 3 a.m. PDT",4994,4230,3992,-1002
NEVP,"7/27/2022 4 a.m. PDT",4844,4122,3831,-1013
NEVP,"7/27/2022 5 a.m. PDT",4785,4080,3753,-1032
NEVP,"7/27/2022 6 a.m. PDT",4787,4167,3768,-1019
NEVP,"7/27/2022 7 a.m. PDT",4799,4319,3923,-876
NEVP,"7/27/2022 8 a.m. PDT",5083,4846,4041,-1042
NEVP,"7/27/2022 9 a.m. PDT",5452,5191,3820,-1632
NEVP,"7/27/2022 10 a.m. PDT",5829,5586,4097,-1732
NEVP,"7/27/2022 11 a.m. PDT",6188,6043,4372,-1816
NEVP,"7/27/2022 12 p.m. PDT",6658,6437,4949,-1709
NEVP,"7/27/2022 1 p.m. PDT",7039,6763,5427,-1612
NEVP,"7/27/2022 2 p.m. PDT",7456,7176,5502,-1954
NEVP,"7/27/2022 3 p.m. PDT",7762,7468,5582,-2180
NEVP,"7/27/2022 4 p.m. PDT",7941,7654,5831,-2110
NEVP,"7/27/2022 5 p.m. PDT",7743,7783,5766,-1977
NEVP,"7/27/2022 6 p.m. PDT",7563,7810,5741,-1822
NEVP,"7/27/2022 7 p.m. PDT",7382,7777,5480,-1902
NEVP,"7/27/2022 8 p.m. PDT",7139,7467,5021,-2118
NEVP,"7/27/2022 9 p.m. PDT",6624,7032,4856,-1768
NEVP,"7/27/2022 10 p.m. PDT",6136,6701,4934,-1202
NEVP,"7/27/2022 11 p.m. PDT",5716,6311,4642,-1074
NEVP,"7/28/2022 12 a.m. PDT",5357,5834,4261,-1096
NEVP,"7/28/2022 1 a.m. PDT",5017,4993,4115,-902
NEVP,"7/28/2022 2 a.m. PDT",4770,4811,4069,-701
NEVP,"7/28/2022 3 a.m. PDT",4609,4646,3957,-652
NEVP,"7/28/2022 4 a.m. PDT",4496,4544,3964,-532
NEVP,"7/28/2022 5 a.m. PDT",4426,4476,4127,-299
NEVP,"7/28/2022 6 a.m. PDT",4488,4533,4080,-408
NEVP,"7/28/2022 7 a.m. PDT",4527,4697,3696,-831
NEVP,"7/28/2022 8 a.m. PDT",4726,4904,3173,-1553
NEVP,"7/28/2022 9 a.m. PDT",5082,5173,3535,-1547
NEVP,"7/28/2022 10 a.m. PDT",5486,5459,4084,-1402
NEVP,"7/28/2022 11 a.m. PDT",5848,5781,4503,-1345
NEVP,"7/28/2022 12 p.m. PDT",6234,6159,4974,-1260
NEVP,"7/28/2022 1 p.m. PDT",6586,6493,5466,-1120
NEVP,"7/28/2022 2 p.m. PDT",6941,6847,5703,-1238
NEVP,"7/28/2022 3 p.m. PDT",7327,7192,6019,-1308
NEVP,"7/28/2022 4 p.m. PDT",7686,7439,6178,-1508
NEVP,"7/28/2022 5 p.m. PDT",7951,7420,6173,-1778
NEVP,"7/28/2022 6 p.m. PDT",8043,7279,6018,-2025
NEVP,"7/28/2022 7 p.m. PDT",8061,7080,5689,-2372
NEVP,"7/28/2022 8 p.m. PDT",7848,6766,5483,-2365
NEVP,"7/28/2022 9 p.m. PDT",7426,6450,5263,-2163
NEVP,"7/28/2022 10 p.m. PDT",6665,6116,4938,-1727
NEVP,"7/28/2022 11 p.m. PDT",5955,5715,4929,-1026
NEVP,"7/29/2022 12 a.m. PDT",5482,5330,4365,-1117
NEVP,"7/29/2022 1 a.m. PDT",5119,4968,4137,-982
NEVP,"7/29/2022 2 a.m. PDT",4847,4685,4104,-743
NEVP,"7/29/2022 3 a.m. PDT",4647,4529,3854,-793
NEVP,"7/29/2022 4 a.m. PDT",4496,4420,3792,-704
NEVP,"7/29/2022 5 a.m. PDT",4433,4378,3836,-597
NEVP,"7/29/2022 6 a.m. PDT",4439,4467,3794,-645
NEVP,"7/29/2022 7 a.m. PDT",4455,4618,3529,-926
NEVP,"7/29/2022 8 a.m. PDT",4710,4872,3672,-1038
NEVP,"7/29/2022 9 a.m. PDT",5016,5312,3603,-1413
NEVP,"7/29/2022 10 a.m. PDT",5335,5473,4020,-1315
NEVP,"7/29/2022 11 a.m. PDT",5666,5896,4607,-1059
NEVP,"7/29/2022 12 p.m. PDT",5980,6176,4943,-1037
NEVP,"7/29/2022 1 p.m. PDT",6368,6628,5199,-1169
NEVP,"7/29/2022 2 p.m. PDT",6747,7089,5718,-1029
NEVP,"7/29/2022 3 p.m. PDT",7131,7234,6087,-1044
NEVP,"7/29/2022 4 p.m. PDT",7468,7276,6528,-940
NEVP,"7/29/2022 5 p.m. PDT",7720,7214,6481,-1239
NEVP,"7/29/2022 6 p.m. PDT",7804,6988,6340,-1464
NEVP,"7/29/2022 7 p.m. PDT",7669,6917,5836,-1833
NEVP,"7/29/2022 8 p.m. PDT",7349,6904,5331,-2018
NEVP,"7/29/2022 9 p.m. PDT",6725,6734,4936,-1789
NEVP,"7/29/2022 10 p.m. PDT",6251,6381,4729,-1522
NEVP,"7/29/2022 11 p.m. PDT",5838,6003,4576,-1262
NEVP,"7/30/2022 12 a.m. PDT",5441,5606,4307,-1134
NEVP,"7/30/2022 1 a.m. PDT",5120,4709,4129,-991
NEVP,"7/30/2022 2 a.m. PDT",4858,4457,3764,-1094
NEVP,"7/30/2022 3 a.m. PDT",4677,4301,3799,-878
NEVP,"7/30/2022 4 a.m. PDT",4552,4236,3627,-925
NEVP,"7/30/2022 5 a.m. PDT",4469,4194,3503,-966
NEVP,"7/30/2022 6 a.m. PDT",4404,4205,3402,-1002
NEVP,"7/30/2022 7 a.m. PDT",4364,4285,3339,-1025
NEVP,"7/30/2022 8 a.m. PDT",4615,4580,3778,-837
NEVP,"7/30/2022 9 a.m. PDT",4960,4972,4034,-926
NEVP,"7/30/2022 10 a.m. PDT",5279,5275,4107,-1172
NEVP,"7/30/2022 11 a.m. PDT",5628,5733,4278,-1350
NEVP,"7/30/2022 12 p.m. PDT",5963,5994,4661,-1302
NEVP,"7/30/2022 1 p.m. PDT",6226,6357,4970,-1256
NEVP,"7/30/2022 2 p.m. PDT",6508,6914,5376,-1132
NEVP,"7/30/2022 3 p.m. PDT",6785,7115,5740,-1045
NEVP,"7/30/2022 4 p.m. PDT",7003,7190,6019,-984
NEVP,"7/30/2022 5 p.m. PDT",7133,7264,5979,-1154
NEVP,"7/30/2022 6 p.m. PDT",7208,7212,5865,-1343
NEVP,"7/30/2022 7 p.m. PDT",7067,7282,5642,-1425
NEVP,"7/30/2022 8 p.m. PDT",6888,7133,5134,-1754
NEVP,"7/30/2022 9 p.m. PDT",6748,6969,4838,-1910
NEVP,"7/30/2022 10 p.m. PDT",6497,6584,4690,-1807
NEVP,"7/30/2022 11 p.m. PDT",6183,6226,4605,-1578
NEVP,"7/31/2022 12 a.m. PDT",5844,5810,4458,-1386
NEVP,"7/31/2022 1 a.m. PDT",5499,5459,4417,-1082
NEVP,"7/31/2022 2 a.m. PDT",5231,5242,4319,-912
NEVP,"7/31/2022 3 a.m. PDT",5032,5017,3932,-1100
NEVP,"7/31/2022 4 a.m. PDT",4876,4845,3858,-1018
NEVP,"7/31/2022 5 a.m. PDT",4780,4659,3871,-909
NEVP,"7/31/2022 6 a.m. PDT",4712,4595,3723,-989
NEVP,"7/31/2022 7 a.m. PDT",4631,4542,3326,-1305
NEVP,"7/31/2022 8 a.m. PDT",4827,4687,3378,-1449
NEVP,"7/31/2022 9 a.m. PDT",5128,5011,3742,-1386
NEVP,"7/31/2022 10 a.m. PDT",5508,5322,4163,-1345
NEVP,"7/31/2022 11 a.m. PDT",5949,5809,4289,-1660
NEVP,"7/31/2022 12 p.m. PDT",6208,6173,4328,-1880
NEVP,"7/31/2022 1 p.m. PDT",6172,6596,4568,-1604
NEVP,"7/31/2022 2 p.m. PDT",6199,7051,4854,-1345
NEVP,"7/31/2022 3 p.m. PDT",6073,6891,5066,-1007
NEVP,"7/31/2022 4 p.m. PDT",6052,7035,5205,-847
NEVP,"7/31/2022 5 p.m. PDT",6069,6959,5156,-913
NEVP,"7/31/2022 6 p.m. PDT",6090,6906,4931,-1159
NEVP,"7/31/2022 7 p.m. PDT",6075,6801,4905,-1170
NEVP,"7/31/2022 8 p.m. PDT",6065,6725,4964,-1101
NEVP,"7/31/2022 9 p.m. PDT",6020,6762,4939,-1081
NEVP,"7/31/2022 10 p.m. PDT",5816,6436,4651,-1165
NEVP,"7/31/2022 11 p.m. PDT",5539,6104,4554,-985
NEVP,"8/1/2022 12 a.m. PDT",5246,5662,4165,-1081
