"BA Code","Timestamp (Hour Ending)","Demand (MWh)","Demand Forecast (MWh)","Net Generation (MWh)","Total Interchange (MWh)"
NEVP,"2/1/2022 12 a.m. PST",3653,3639,3434,-219
NEVP,"2/1/2022 1 a.m. PST",3547,3573,3414,-133
NEVP,"2/1/2022 2 a.m. PST",3505,3545,3380,-125
NEVP,"2/1/2022 3 a.m. PST",3467,3524,3431,-36
NEVP,"2/1/2022 4 a.m. PST",3467,3539,3445,-22
NEVP,"2/1/2022 5 a.m. PST",3557,3641,3391,-166
NEVP,"2/1/2022 6 a.m. PST",3746,3829,3391,-355
NEVP,"2/1/2022 7 a.m. PST",3969,4042,3415,-554
NEVP,"2/1/2022 8 a.m. PST",3989,3936,3622,-367
NEVP,"2/1/2022 9 a.m. PST",3919,3722,3906,-13
NEVP,"2/1/2022 10 a.m. PST",3753,3587,3793,40
NEVP,"2/1/2022 11 a.m. PST",3695,3507,3372,-323
NEVP,"2/1/2022 12 p.m. PST",3703,3436,3062,-641
NEVP,"2/1/2022 1 p.m. PST",3639,3401,3276,-363
NEVP,"2/1/2022 2 p.m. PST",3584,3399,3630,46
NEVP,"2/1/2022 3 p.m. PST",3715,3427,4105,390
NEVP,"2/1/2022 4 p.m. PST",3811,3527,4025,214
NEVP,"2/1/2022 5 p.m. PST",3968,3830,3624,-344
NEVP,"2/1/2022 6 p.m. PST",4208,4111,3762,-446
NEVP,"2/1/2022 7 p.m. PST",4294,4161,3768,-526
NEVP,"2/1/2022 8 p.m. PST",4288,4118,3661,-627
NEVP,"2/1/2022 9 p.m. PST",4231,4049,3683,-548
NEVP,"2/1/2022 10 p.m. PST",4105,3922,3684,-421
NEVP,"2/1/2022 11 p.m. PST",3941,3765,3510,-431
NEVP,"2/2/2022 12 a.m. PST",3801,3617,3629,-172
NEVP,"2/2/2022 1 a.m. PST",3713,3565,3423,-290
NEVP,"2/2/2022 2 a.m. PST",3671,3521,3344,-327
NEVP,"2/2/2022 3 a.m. PST",3659,3518,3325,-334
NEVP,"2/2/2022 4 a.m. PST",3722,3548,3347,-375
NEVP,"2/2/2022 5 a.m. PST",3807,3635,3376,-431
NEVP,"2/2/2022 6 a.m. PST",3992,3816,3558,-434
NEVP,"2/2/2022 7 a.m. PST",4205,4057,3655,-550
NEVP,"2/2/2022 8 a.m. PST",4222,4014,3974,-248
NEVP,"2/2/2022 9 a.m. PST",4154,3795,4058,-96
NEVP,"2/2/2022 10 a.m. PST",4164,3636,3810,-354
NEVP,"2/2/2022 11 a.m. PST",4225,3529,4113,-112
NEVP,"2/2/2022 12 p.m. PST",4444,3473,4205,-239
NEVP,"2/2/2022 1 p.m. PST",4512,3427,4194,-318
NEVP,"2/2/2022 2 p.m. PST",4508,3421,4095,-413
NEVP,"2/2/2022 3 p.m. PST",4544,3458,4368,-176
NEVP,"2/2/2022 4 p.m. PST",4340,3562,4337,-3
NEVP,"2/2/2022 5 p.m. PST",4262,3750,3938,-324
NEVP,"2/2/2022 6 p.m. PST",4428,4025,4143,-285
NEVP,"2/2/2022 7 p.m. PST",4523,4036,4358,-165
NEVP,"2/2/2022 8 p.m. PST",4481,4011,4286,-195
NEVP,"2/2/2022 9 p.m. PST",4421,3951,4005,-416
NEVP,"2/2/2022 10 p.m. PST",4288,3864,3981,-307
NEVP,"2/2/2022 11 p.m. PST",4113,3738,3920,-193
NEVP,"2/3/2022 12 a.m. PST",3977,3637,3883,-94
NEVP,"2/3/2022 1 a.m. PST",3893,3687,3893,0
NEVP,"2/3/2022 2 a.m. PST",3859,3639,3853,-6
NEVP,"2/3/2022 3 a.m. PST",3849,3626,3761,-88
NEVP,"2/3/2022 4 a.m. PST",3879,3659,3747,-132
NEVP,"2/3/2022 5 a.m. PST",3978,3746,3787,-191
NEVP,"2/3/2022 6 a.m. PST",4150,3885,3822,-328
NEVP,"2/3/2022 7 a.m. PST",4369,4128,4035,-334
NEVP,"2/3/2022 8 a.m. PST",4246,4015,4149,-97
NEVP,"2/3/2022 9 a.m. PST",4166,3840,4001,-165
NEVP,"2/3/2022 10 a.m. PST",3952,3717,3478,-474
NEVP,"2/3/2022 11 a.m. PST",3844,3585,3514,-330
NEVP,"2/3/2022 12 p.m. PST",3722,3508,3547,-175
NEVP,"2/3/2022 1 p.m. PST",3614,3472,3615,1
NEVP,"2/3/2022 2 p.m. PST",3581,3452,3566,-15
NEVP,"2/3/2022 3 p.m. PST",3581,3473,3679,98
NEVP,"2/3/2022 4 p.m. PST",3732,3534,3759,27
NEVP,"2/3/2022 5 p.m. PST",3940,3837,3616,-324
NEVP,"2/3/2022 6 p.m. PST",4291,4191,3969,-322
NEVP,"2/3/2022 7 p.m. PST",4393,4236,4087,-306
NEVP,"2/3/2022 8 p.m. PST",4384,4198,4170,-214
NEVP,"2/3/2022 9 p.m. PST",4326,4154,3985,-341
NEVP,"2/3/2022 10 p.m. PST",4206,4021,3944,-262
NEVP,"2/3/2022 11 p.m. PST",4044,3865,3775,-269
NEVP,"2/4/2022 12 a.m. PST",3890,3742,3748,-142
NEVP,"2/4/2022 1 a.m. PST",3804,3643,3748,-56
NEVP,"2/4/2022 2 a.m. PST",3776,3610,3645,-131
NEVP,"2/4/2022 3 a.m. PST",3754,3606,3631,-123
NEVP,"2/4/2022 4 a.m. PST",3756,3615,3721,-35
NEVP,"2/4/2022 5 a.m. PST",3930,3736,3852,-78
NEVP,"2/4/2022 6 a.m. PST",4085,3915,4017,-68
NEVP,"2/4/2022 7 a.m. PST",4301,4158,4095,-206
NEVP,"2/4/2022 8 a.m. PST",4256,4022,4113,-143
NEVP,"2/4/2022 9 a.m. PST",4057,3787,3801,-256
NEVP,"2/4/2022 10 a.m. PST",3868,3626,3578,-290
NEVP,"2/4/2022 11 a.m. PST",3707,3516,3435,-272
NEVP,"2/4/2022 12 p.m. PST",3595,3431,3230,-365
NEVP,"2/4/2022 1 p.m. PST",3495,3395,3137,-358
NEVP,"2/4/2022 2 p.m. PST",3454,3374,3166,-288
NEVP,"2/4/2022 3 p.m. PST",3522,3424,3271,-251
NEVP,"2/4/2022 4 p.m. PST",3639,3577,3127,-512
NEVP,"2/4/2022 5 p.m. PST",3866,3831,3338,-528
NEVP,"2/4/2022 6 p.m. PST",4168,4153,3558,-610
NEVP,"2/4/2022 7 p.m. PST",4266,4169,3936,-330
NEVP,"2/4/2022 8 p.m. PST",4249,4144,4043,-206
NEVP,"2/4/2022 9 p.m. PST",4209,4108,4063,-146
NEVP,"2/4/2022 10 p.m. PST",4135,4008,3884,-251
NEVP,"2/4/2022 11 p.m. PST",4008,3876,3404,-604
NEVP,"2/5/2022 12 a.m. PST",3892,3762,3471,-421
NEVP,"2/5/2022 1 a.m. PST",3792,3639,3493,-299
NEVP,"2/5/2022 2 a.m. PST",3745,3610,3580,-165
NEVP,"2/5/2022 3 a.m. PST",3727,3591,3489,-238
NEVP,"2/5/2022 4 a.m. PST",3749,3583,3429,-320
NEVP,"2/5/2022 5 a.m. PST",3790,3652,3357,-433
NEVP,"2/5/2022 6 a.m. PST",3889,3742,3408,-481
NEVP,"2/5/2022 7 a.m. PST",3987,3861,3525,-462
NEVP,"2/5/2022 8 a.m. PST",3916,3751,3518,-398
NEVP,"2/5/2022 9 a.m. PST",3764,3528,3260,-504
NEVP,"2/5/2022 10 a.m. PST",3645,3425,3075,-570
NEVP,"2/5/2022 11 a.m. PST",3470,3386,2998,-472
NEVP,"2/5/2022 12 p.m. PST",3364,3315,2934,-430
NEVP,"2/5/2022 1 p.m. PST",3308,3276,2939,-369
NEVP,"2/5/2022 2 p.m. PST",3268,3320,2982,-286
NEVP,"2/5/2022 3 p.m. PST",3314,3493,3114,-200
NEVP,"2/5/2022 4 p.m. PST",3423,3585,3237,-186
NEVP,"2/5/2022 5 p.m. PST",3647,3730,3035,-612
NEVP,"2/5/2022 6 p.m. PST",3956,3991,3300,-656
NEVP,"2/5/2022 7 p.m. PST",4031,4015,3439,-592
NEVP,"2/5/2022 8 p.m. PST",4011,3984,3342,-669
NEVP,"2/5/2022 9 p.m. PST",3969,3936,3453,-516
NEVP,"2/5/2022 10 p.m. PST",3908,3877,3445,-463
NEVP,"2/5/2022 11 p.m. PST",3792,3766,3346,-446
NEVP,"2/6/2022 12 a.m. PST",3684,3681,3249,-435
NEVP,"2/6/2022 1 a.m. PST",3607,3568,3300,-307
NEVP,"2/6/2022 2 a.m. PST",3557,3504,3290,-267
NEVP,"2/6/2022 3 a.m. PST",3538,3500,3319,-219
NEVP,"2/6/2022 4 a.m. PST",3535,3485,3389,-146
NEVP,"2/6/2022 5 a.m. PST",3566,3549,3367,-199
NEVP,"2/6/2022 6 a.m. PST",3638,3634,3427,-211
NEVP,"2/6/2022 7 a.m. PST",3700,3737,3459,-241
NEVP,"2/6/2022 8 a.m. PST",3642,3624,3549,-93
NEVP,"2/6/2022 9 a.m. PST",3583,3410,3400,-183
NEVP,"2/6/2022 10 a.m. PST",3503,3320,3308,-195
NEVP,"2/6/2022 11 a.m. PST",3405,3248,3244,-161
NEVP,"2/6/2022 12 p.m. PST",3367,3201,3164,-203
NEVP,"2/6/2022 1 p.m. PST",3326,3166,3197,-129
NEVP,"2/6/2022 2 p.m. PST",3325,3160,3183,-142
NEVP,"2/6/2022 3 p.m. PST",3371,3189,3281,-90
NEVP,"2/6/2022 4 p.m. PST",3464,3328,3227,-237
NEVP,"2/6/2022 5 p.m. PST",3637,3605,2915,-722
NEVP,"2/6/2022 6 p.m. PST",3915,3953,3321,-594
NEVP,"2/6/2022 7 p.m. PST",4002,4004,3534,-468
NEVP,"2/6/2022 8 p.m. PST",3969,4000,3576,-393
NEVP,"2/6/2022 9 p.m. PST",3918,3953,3461,-457
NEVP,"2/6/2022 10 p.m. PST",3813,3864,3360,-453
NEVP,"2/6/2022 11 p.m. PST",3680,3728,3337,-343
NEVP,"2/7/2022 12 a.m. PST",3548,3617,3305,-243
NEVP,"2/7/2022 1 a.m. PST",3462,3535,3323,-139
NEVP,"2/7/2022 2 a.m. PST",3439,3507,3324,-115
NEVP,"2/7/2022 3 a.m. PST",3424,3512,3371,-53
NEVP,"2/7/2022 4 a.m. PST",3471,3527,3291,-180
NEVP,"2/7/2022 5 a.m. PST",3559,3646,3391,-168
NEVP,"2/7/2022 6 a.m. PST",3759,3832,3521,-238
NEVP,"2/7/2022 7 a.m. PST",3967,4055,3619,-348
NEVP,"2/7/2022 8 a.m. PST",3945,4083,3781,-164
NEVP,"2/7/2022 9 a.m. PST",3796,3866,3416,-380
NEVP,"2/7/2022 10 a.m. PST",3704,3760,3420,-284
NEVP,"2/7/2022 11 a.m. PST",3562,3634,3280,-282
NEVP,"2/7/2022 12 p.m. PST",3522,3591,3068,-454
NEVP,"2/7/2022 1 p.m. PST",3482,3550,3051,-431
NEVP,"2/7/2022 2 p.m. PST",3495,3560,3203,-292
NEVP,"2/7/2022 3 p.m. PST",3512,3572,3333,-179
NEVP,"2/7/2022 4 p.m. PST",3606,3760,3548,-58
NEVP,"2/7/2022 5 p.m. PST",3753,3929,3349,-404
NEVP,"2/7/2022 6 p.m. PST",4029,4176,3375,-654
NEVP,"2/7/2022 7 p.m. PST",4110,4198,3556,-554
NEVP,"2/7/2022 8 p.m. PST",4076,4167,3542,-534
NEVP,"2/7/2022 9 p.m. PST",4020,4099,3458,-562
NEVP,"2/7/2022 10 p.m. PST",3891,3952,3464,-427
NEVP,"2/7/2022 11 p.m. PST",3723,3791,3533,-190
NEVP,"2/8/2022 12 a.m. PST",3580,3657,3518,-62
NEVP,"2/8/2022 1 a.m. PST",3497,3453,3446,-51
NEVP,"2/8/2022 2 a.m. PST",3454,3435,3424,-30
NEVP,"2/8/2022 3 a.m. PST",3443,3425,3397,-46
NEVP,"2/8/2022 4 a.m. PST",3469,3447,3446,-23
NEVP,"2/8/2022 5 a.m. PST",3552,3514,3405,-147
NEVP,"2/8/2022 6 a.m. PST",3740,3684,3415,-325
NEVP,"2/8/2022 7 a.m. PST",3920,3798,3496,-424
NEVP,"2/8/2022 8 a.m. PST",3880,3899,3658,-222
NEVP,"2/8/2022 9 a.m. PST",3726,3777,3518,-208
NEVP,"2/8/2022 10 a.m. PST",3613,3629,3473,-140
NEVP,"2/8/2022 11 a.m. PST",3507,3529,3112,-395
NEVP,"2/8/2022 12 p.m. PST",3387,3468,2912,-475
NEVP,"2/8/2022 1 p.m. PST",3413,3433,3116,-297
NEVP,"2/8/2022 2 p.m. PST",3411,3431,3167,-244
NEVP,"2/8/2022 3 p.m. PST",3473,3466,3318,-155
NEVP,"2/8/2022 4 p.m. PST",3576,3534,3485,-91
NEVP,"2/8/2022 5 p.m. PST",3721,3659,3340,-381
NEVP,"2/8/2022 6 p.m. PST",3980,3858,3573,-407
NEVP,"2/8/2022 7 p.m. PST",4048,4007,3601,-447
NEVP,"2/8/2022 8 p.m. PST",3971,3996,3512,-459
NEVP,"2/8/2022 9 p.m. PST",3928,3939,3334,-594
NEVP,"2/8/2022 10 p.m. PST",3807,3830,3162,-645
NEVP,"2/8/2022 11 p.m. PST",3640,3679,3155,-485
NEVP,"2/9/2022 12 a.m. PST",3496,3557,3123,-373
NEVP,"2/9/2022 1 a.m. PST",3400,3365,3289,-111
NEVP,"2/9/2022 2 a.m. PST",3364,3328,3226,-138
NEVP,"2/9/2022 3 a.m. PST",3356,3334,3152,-204
NEVP,"2/9/2022 4 a.m. PST",3382,3353,3052,-330
NEVP,"2/9/2022 5 a.m. PST",3455,3409,3115,-340
NEVP,"2/9/2022 6 a.m. PST",3627,3582,3165,-462
NEVP,"2/9/2022 7 a.m. PST",3838,3761,3298,-540
NEVP,"2/9/2022 8 a.m. PST",3824,3870,3460,-364
NEVP,"2/9/2022 9 a.m. PST",3736,3749,3606,-130
NEVP,"2/9/2022 10 a.m. PST",3624,3608,3368,-256
NEVP,"2/9/2022 11 a.m. PST",3544,3507,3342,-202
NEVP,"2/9/2022 12 p.m. PST",3484,3446,3241,-243
NEVP,"2/9/2022 1 p.m. PST",3452,3410,3222,-230
NEVP,"2/9/2022 2 p.m. PST",3500,3407,3260,-240
NEVP,"2/9/2022 3 p.m. PST",3529,3442,3495,-34
NEVP,"2/9/2022 4 p.m. PST",3626,3529,3948,322
NEVP,"2/9/2022 5 p.m. PST",3756,3703,3680,-76
NEVP,"2/9/2022 6 p.m. PST",3981,3983,3657,-324
NEVP,"2/9/2022 7 p.m. PST",4064,4085,3617,-447
NEVP,"2/9/2022 8 p.m. PST",4009,4053,3601,-408
NEVP,"2/9/2022 9 p.m. PST",3928,3996,3454,-474
NEVP,"2/9/2022 10 p.m. PST",3793,3883,3400,-393
NEVP,"2/9/2022 11 p.m. PST",3612,3740,3262,-350
NEVP,"2/10/2022 12 a.m. PST",3459,3600,3229,-230
NEVP,"2/10/2022 1 a.m. PST",3345,3479,3240,-105
NEVP,"2/10/2022 2 a.m. PST",3277,3448,3210,-67
NEVP,"2/10/2022 3 a.m. PST",3249,3452,3118,-131
NEVP,"2/10/2022 4 a.m. PST",3262,3479,3199,-63
NEVP,"2/10/2022 5 a.m. PST",3342,3592,3223,-119
NEVP,"2/10/2022 6 a.m. PST",3506,3735,3249,-257
NEVP,"2/10/2022 7 a.m. PST",3690,3915,3096,-594
NEVP,"2/10/2022 8 a.m. PST",3671,3783,3225,-446
NEVP,"2/10/2022 9 a.m. PST",3650,3717,3421,-229
NEVP,"2/10/2022 10 a.m. PST",3615,3606,3428,-187
NEVP,"2/10/2022 11 a.m. PST",3581,3500,3196,-385
NEVP,"2/10/2022 12 p.m. PST",3474,3467,3078,-396
NEVP,"2/10/2022 1 p.m. PST",3475,3435,3073,-402
NEVP,"2/10/2022 2 p.m. PST",3493,3453,3154,-339
NEVP,"2/10/2022 3 p.m. PST",3557,3501,3284,-273
NEVP,"2/10/2022 4 p.m. PST",3655,3565,3494,-161
NEVP,"2/10/2022 5 p.m. PST",3778,3630,3397,-381
NEVP,"2/10/2022 6 p.m. PST",4002,3864,3537,-465
NEVP,"2/10/2022 7 p.m. PST",4043,3978,3434,-609
NEVP,"2/10/2022 8 p.m. PST",4012,3962,3429,-583
NEVP,"2/10/2022 9 p.m. PST",3916,3917,3387,-529
NEVP,"2/10/2022 10 p.m. PST",3779,3834,3381,-398
NEVP,"2/10/2022 11 p.m. PST",3616,3652,3200,-416
NEVP,"2/11/2022 12 a.m. PST",3458,3506,3054,-404
NEVP,"2/11/2022 1 a.m. PST",3347,3266,3047,-300
NEVP,"2/11/2022 2 a.m. PST",3284,3228,3063,-221
NEVP,"2/11/2022 3 a.m. PST",3266,3232,3063,-203
NEVP,"2/11/2022 4 a.m. PST",3266,3262,3064,-202
NEVP,"2/11/2022 5 a.m. PST",3344,3323,3079,-265
NEVP,"2/11/2022 6 a.m. PST",3524,3464,3128,-396
NEVP,"2/11/2022 7 a.m. PST",3696,3671,3308,-388
NEVP,"2/11/2022 8 a.m. PST",3688,3711,3491,-197
NEVP,"2/11/2022 9 a.m. PST",3645,3441,3333,-312
NEVP,"2/11/2022 10 a.m. PST",3565,3260,3535,-30
NEVP,"2/11/2022 11 a.m. PST",3495,3156,3440,-55
NEVP,"2/11/2022 12 p.m. PST",3491,3082,3426,-65
NEVP,"2/11/2022 1 p.m. PST",3509,3067,3498,-11
NEVP,"2/11/2022 2 p.m. PST",3548,3076,3494,-54
NEVP,"2/11/2022 3 p.m. PST",3609,3130,3528,-81
NEVP,"2/11/2022 4 p.m. PST",3701,3277,3460,-241
NEVP,"2/11/2022 5 p.m. PST",3814,3662,2948,-866
NEVP,"2/11/2022 6 p.m. PST",3971,4079,3240,-731
NEVP,"2/11/2022 7 p.m. PST",4009,4050,3357,-652
NEVP,"2/11/2022 8 p.m. PST",3934,3979,3363,-571
NEVP,"2/11/2022 9 p.m. PST",3858,3924,3274,-584
NEVP,"2/11/2022 10 p.m. PST",3750,3826,3104,-646
NEVP,"2/11/2022 11 p.m. PST",3611,3698,3037,-574
NEVP,"2/12/2022 12 a.m. PST",3472,3542,2925,-547
NEVP,"2/12/2022 1 a.m. PST",3353,3334,2837,-516
NEVP,"2/12/2022 2 a.m. PST",3295,3289,2814,-481
NEVP,"2/12/2022 3 a.m. PST",3248,3286,2759,-489
NEVP,"2/12/2022 4 a.m. PST",3240,3318,2731,-509
NEVP,"2/12/2022 5 a.m. PST",3277,3394,2750,-527
NEVP,"2/12/2022 6 a.m. PST",3362,3565,3039,-323
NEVP,"2/12/2022 7 a.m. PST",3447,3817,3033,-414
NEVP,"2/12/2022 8 a.m. PST",3409,3635,3195,-214
NEVP,"2/12/2022 9 a.m. PST",3410,3417,3029,-381
NEVP,"2/12/2022 10 a.m. PST",3381,3248,3048,-333
NEVP,"2/12/2022 11 a.m. PST",3344,3164,3109,-235
NEVP,"2/12/2022 12 p.m. PST",3323,3108,3122,-201
NEVP,"2/12/2022 1 p.m. PST",3308,3078,3126,-182
NEVP,"2/12/2022 2 p.m. PST",3337,3049,3230,-107
NEVP,"2/12/2022 3 p.m. PST",3398,3120,3298,-100
NEVP,"2/12/2022 4 p.m. PST",3515,3248,3301,-214
NEVP,"2/12/2022 5 p.m. PST",3643,3602,2974,-669
NEVP,"2/12/2022 6 p.m. PST",3836,4003,3093,-743
NEVP,"2/12/2022 7 p.m. PST",3913,3990,3228,-685
NEVP,"2/12/2022 8 p.m. PST",3862,3945,3142,-720
NEVP,"2/12/2022 9 p.m. PST",3795,3884,3024,-771
NEVP,"2/12/2022 10 p.m. PST",3706,3771,2970,-736
NEVP,"2/12/2022 11 p.m. PST",3611,3650,2882,-729
NEVP,"2/13/2022 12 a.m. PST",3501,3493,2775,-726
NEVP,"2/13/2022 1 a.m. PST",3390,3368,2728,-662
NEVP,"2/13/2022 2 a.m. PST",3352,3323,2674,-678
NEVP,"2/13/2022 3 a.m. PST",3322,3320,2618,-704
NEVP,"2/13/2022 4 a.m. PST",3319,3352,2616,-703
NEVP,"2/13/2022 5 a.m. PST",3355,3428,2629,-726
NEVP,"2/13/2022 6 a.m. PST",3421,3599,2661,-760
NEVP,"2/13/2022 7 a.m. PST",3489,3851,2830,-659
NEVP,"2/13/2022 8 a.m. PST",3431,3663,3137,-294
NEVP,"2/13/2022 9 a.m. PST",3397,3481,3160,-237
NEVP,"2/13/2022 10 a.m. PST",3345,3310,2934,-411
NEVP,"2/13/2022 11 a.m. PST",3295,3204,2855,-440
NEVP,"2/13/2022 12 p.m. PST",3281,3097,2818,-463
NEVP,"2/13/2022 1 p.m. PST",3297,3074,2820,-477
NEVP,"2/13/2022 2 p.m. PST",3332,3079,2888,-444
NEVP,"2/13/2022 3 p.m. PST",3402,3129,3046,-356
NEVP,"2/13/2022 4 p.m. PST",3489,3255,3170,-319
NEVP,"2/13/2022 5 p.m. PST",3566,3615,2856,-710
NEVP,"2/13/2022 6 p.m. PST",3729,4034,2887,-842
NEVP,"2/13/2022 7 p.m. PST",3778,4027,3111,-667
NEVP,"2/13/2022 8 p.m. PST",3771,3976,3134,-637
NEVP,"2/13/2022 9 p.m. PST",3759,3901,3056,-703
NEVP,"2/13/2022 10 p.m. PST",3650,3798,3096,-554
NEVP,"2/13/2022 11 p.m. PST",3523,3675,3004,-519
NEVP,"2/14/2022 12 a.m. PST",3396,3523,2969,-427
NEVP,"2/14/2022 1 a.m. PST",3322,3324,2818,-504
NEVP,"2/14/2022 2 a.m. PST",3277,3273,2817,-460
NEVP,"2/14/2022 3 a.m. PST",3280,3249,2851,-429
NEVP,"2/14/2022 4 a.m. PST",3298,3274,2898,-400
NEVP,"2/14/2022 5 a.m. PST",3384,3355,2841,-543
NEVP,"2/14/2022 6 a.m. PST",3573,3490,2986,-587
NEVP,"2/14/2022 7 a.m. PST",3780,3787,3089,-691
NEVP,"2/14/2022 8 a.m. PST",3763,3665,3411,-352
NEVP,"2/14/2022 9 a.m. PST",3701,3417,3324,-377
NEVP,"2/14/2022 10 a.m. PST",3609,3248,3008,-601
NEVP,"2/14/2022 11 a.m. PST",3530,3164,2978,-552
NEVP,"2/14/2022 12 p.m. PST",3487,3108,2903,-584
NEVP,"2/14/2022 1 p.m. PST",3472,3078,2949,-523
NEVP,"2/14/2022 2 p.m. PST",3460,3066,2980,-480
NEVP,"2/14/2022 3 p.m. PST",3487,3120,3022,-465
NEVP,"2/14/2022 4 p.m. PST",3611,3248,3328,-283
NEVP,"2/14/2022 5 p.m. PST",3740,3602,3045,-695
NEVP,"2/14/2022 6 p.m. PST",3951,4053,3155,-796
NEVP,"2/14/2022 7 p.m. PST",4037,4029,3162,-875
NEVP,"2/14/2022 8 p.m. PST",3977,3968,3394,-583
NEVP,"2/14/2022 9 p.m. PST",3897,3884,3309,-588
NEVP,"2/14/2022 10 p.m. PST",3760,3771,3151,-609
NEVP,"2/14/2022 11 p.m. PST",3589,3650,3125,-464
NEVP,"2/15/2022 12 a.m. PST",3447,3493,3159,-288
NEVP,"2/15/2022 1 a.m. PST",3319,3284,3032,-287
NEVP,"2/15/2022 2 a.m. PST",3273,3245,2841,-432
NEVP,"2/15/2022 3 a.m. PST",3235,3230,2789,-446
NEVP,"2/15/2022 4 a.m. PST",3241,3259,2847,-394
NEVP,"2/15/2022 5 a.m. PST",3297,3359,2797,-500
NEVP,"2/15/2022 6 a.m. PST",3442,3543,2870,-572
NEVP,"2/15/2022 7 a.m. PST",3613,3772,2961,-652
NEVP,"2/15/2022 8 a.m. PST",3642,3775,3006,-636
NEVP,"2/15/2022 9 a.m. PST",3667,3557,2780,-887
NEVP,"2/15/2022 10 a.m. PST",3622,3458,2680,-942
NEVP,"2/15/2022 11 a.m. PST",3552,3357,3029,-523
NEVP,"2/15/2022 12 p.m. PST",3447,3284,3114,-333
NEVP,"2/15/2022 1 p.m. PST",3449,3273,3080,-369
NEVP,"2/15/2022 2 p.m. PST",3511,3285,3170,-341
NEVP,"2/15/2022 3 p.m. PST",3562,3351,3376,-186
NEVP,"2/15/2022 4 p.m. PST",3609,3463,3481,-128
NEVP,"2/15/2022 5 p.m. PST",3754,3734,3225,-529
NEVP,"2/15/2022 6 p.m. PST",4014,4094,3227,-787
NEVP,"2/15/2022 7 p.m. PST",4112,4091,3319,-793
NEVP,"2/15/2022 8 p.m. PST",4066,4040,3239,-827
NEVP,"2/15/2022 9 p.m. PST",3979,3977,3218,-761
NEVP,"2/15/2022 10 p.m. PST",3834,3836,3126,-708
NEVP,"2/15/2022 11 p.m. PST",3668,3683,3103,-565
NEVP,"2/16/2022 12 a.m. PST",3501,3536,2922,-579
NEVP,"2/16/2022 1 a.m. PST",3388,3344,2963,-425
NEVP,"2/16/2022 2 a.m. PST",3345,3307,2874,-471
NEVP,"2/16/2022 3 a.m. PST",3333,3296,2854,-479
NEVP,"2/16/2022 4 a.m. PST",3350,3297,2821,-529
NEVP,"2/16/2022 5 a.m. PST",3425,3394,2910,-515
NEVP,"2/16/2022 6 a.m. PST",3586,3568,3105,-481
NEVP,"2/16/2022 7 a.m. PST",3768,3786,3119,-649
NEVP,"2/16/2022 8 a.m. PST",3769,3763,3298,-471
NEVP,"2/16/2022 9 a.m. PST",3709,3493,3461,-248
NEVP,"2/16/2022 10 a.m. PST",3716,3296,3366,-350
NEVP,"2/16/2022 11 a.m. PST",3883,3193,3609,-274
NEVP,"2/16/2022 12 p.m. PST",3944,3156,3673,-271
NEVP,"2/16/2022 1 p.m. PST",3830,3134,3510,-320
NEVP,"2/16/2022 2 p.m. PST",3679,3145,3283,-396
NEVP,"2/16/2022 3 p.m. PST",3810,3183,3434,-376
NEVP,"2/16/2022 4 p.m. PST",3852,3392,3660,-192
NEVP,"2/16/2022 5 p.m. PST",3829,3653,3279,-550
NEVP,"2/16/2022 6 p.m. PST",4000,3880,3212,-788
NEVP,"2/16/2022 7 p.m. PST",4058,3957,3166,-892
NEVP,"2/16/2022 8 p.m. PST",4064,3904,3329,-735
NEVP,"2/16/2022 9 p.m. PST",3997,3821,3411,-586
NEVP,"2/16/2022 10 p.m. PST",3860,3709,3271,-589
NEVP,"2/16/2022 11 p.m. PST",3694,3570,3058,-636
NEVP,"2/17/2022 12 a.m. PST",3559,3442,3016,-543
NEVP,"2/17/2022 1 a.m. PST",3465,3323,2979,-486
NEVP,"2/17/2022 2 a.m. PST",3415,3288,2796,-619
NEVP,"2/17/2022 3 a.m. PST",3398,3278,2836,-562
NEVP,"2/17/2022 4 a.m. PST",3415,3284,2816,-599
NEVP,"2/17/2022 5 a.m. PST",3493,3357,2906,-587
NEVP,"2/17/2022 6 a.m. PST",3674,3510,3096,-578
NEVP,"2/17/2022 7 a.m. PST",3859,3668,3301,-558
NEVP,"2/17/2022 8 a.m. PST",3833,3707,3599,-234
NEVP,"2/17/2022 9 a.m. PST",3858,3636,3534,-324
NEVP,"2/17/2022 10 a.m. PST",3742,3573,3316,-426
NEVP,"2/17/2022 11 a.m. PST",3635,3488,3334,-301
NEVP,"2/17/2022 12 p.m. PST",3730,3432,3478,-252
NEVP,"2/17/2022 1 p.m. PST",3540,3388,3260,-280
NEVP,"2/17/2022 2 p.m. PST",3848,3377,3675,-173
NEVP,"2/17/2022 3 p.m. PST",3858,3417,3864,6
NEVP,"2/17/2022 4 p.m. PST",3703,3491,3662,-41
NEVP,"2/17/2022 5 p.m. PST",3718,3626,3157,-561
NEVP,"2/17/2022 6 p.m. PST",3942,3970,3162,-780
NEVP,"2/17/2022 7 p.m. PST",4078,4071,3270,-808
NEVP,"2/17/2022 8 p.m. PST",4061,4037,3291,-770
NEVP,"2/17/2022 9 p.m. PST",4014,3974,3220,-794
NEVP,"2/17/2022 10 p.m. PST",3898,3847,3109,-789
NEVP,"2/17/2022 11 p.m. PST",3740,3689,2956,-784
NEVP,"2/18/2022 12 a.m. PST",3599,3567,2943,-656
NEVP,"2/18/2022 1 a.m. PST",3505,3442,2980,-525
NEVP,"2/18/2022 2 a.m. PST",3458,3397,2861,-597
NEVP,"2/18/2022 3 a.m. PST",3440,3386,2830,-610
NEVP,"2/18/2022 4 a.m. PST",3464,3406,2849,-615
NEVP,"2/18/2022 5 a.m. PST",3551,3483,3050,-501
NEVP,"2/18/2022 6 a.m. PST",3727,3671,3207,-520
NEVP,"2/18/2022 7 a.m. PST",3903,3791,3329,-574
NEVP,"2/18/2022 8 a.m. PST",3822,3817,3347,-475
NEVP,"2/18/2022 9 a.m. PST",3621,3756,3261,-360
NEVP,"2/18/2022 10 a.m. PST",3488,3618,3418,-70
NEVP,"2/18/2022 11 a.m. PST",3392,3524,3312,-80
NEVP,"2/18/2022 12 p.m. PST",3244,3446,3028,-216
NEVP,"2/18/2022 1 p.m. PST",3288,3414,3163,-125
NEVP,"2/18/2022 2 p.m. PST",3341,3380,3131,-210
NEVP,"2/18/2022 3 p.m. PST",3381,3417,3243,-138
NEVP,"2/18/2022 4 p.m. PST",3469,3477,3415,-54
NEVP,"2/18/2022 5 p.m. PST",3574,3570,2994,-580
NEVP,"2/18/2022 6 p.m. PST",3853,3870,3163,-690
NEVP,"2/18/2022 7 p.m. PST",3969,3957,3382,-587
NEVP,"2/18/2022 8 p.m. PST",3922,3920,3294,-628
NEVP,"2/18/2022 9 p.m. PST",3872,3915,3258,-614
NEVP,"2/18/2022 10 p.m. PST",3791,3796,3293,-498
NEVP,"2/18/2022 11 p.m. PST",3682,3672,3208,-474
NEVP,"2/19/2022 12 a.m. PST",3561,3535,3061,-500
NEVP,"2/19/2022 1 a.m. PST",3470,3442,2926,-544
NEVP,"2/19/2022 2 a.m. PST",3411,3397,2978,-433
NEVP,"2/19/2022 3 a.m. PST",3377,3386,2920,-457
NEVP,"2/19/2022 4 a.m. PST",3392,3406,2928,-464
NEVP,"2/19/2022 5 a.m. PST",3429,3483,2913,-516
NEVP,"2/19/2022 6 a.m. PST",3518,3671,2962,-556
NEVP,"2/19/2022 7 a.m. PST",3570,3856,2938,-632
NEVP,"2/19/2022 8 a.m. PST",3459,3558,3347,-112
NEVP,"2/19/2022 9 a.m. PST",3346,3441,3378,32
NEVP,"2/19/2022 10 a.m. PST",3264,3326,3328,64
NEVP,"2/19/2022 11 a.m. PST",3201,3195,3202,1
NEVP,"2/19/2022 12 p.m. PST",3132,3159,3222,90
NEVP,"2/19/2022 1 p.m. PST",3105,3134,3190,85
NEVP,"2/19/2022 2 p.m. PST",3110,3146,3255,145
NEVP,"2/19/2022 3 p.m. PST",3173,3245,3331,158
NEVP,"2/19/2022 4 p.m. PST",3288,3357,3365,77
NEVP,"2/19/2022 5 p.m. PST",3468,3434,3113,-355
NEVP,"2/19/2022 6 p.m. PST",3767,3744,2823,-944
NEVP,"2/19/2022 7 p.m. PST",3876,3805,2877,-999
NEVP,"2/19/2022 8 p.m. PST",3829,3748,2954,-875
NEVP,"2/19/2022 9 p.m. PST",3776,3680,3038,-738
NEVP,"2/19/2022 10 p.m. PST",3693,3596,3050,-643
NEVP,"2/19/2022 11 p.m. PST",3596,3500,2907,-689
NEVP,"2/20/2022 12 a.m. PST",3492,3459,2889,-603
NEVP,"2/20/2022 1 a.m. PST",3396,3375,2872,-524
NEVP,"2/20/2022 2 a.m. PST",3345,3327,2867,-478
NEVP,"2/20/2022 3 a.m. PST",3315,3299,2754,-561
NEVP,"2/20/2022 4 a.m. PST",3316,3281,2755,-561
NEVP,"2/20/2022 5 a.m. PST",3349,3320,2779,-570
NEVP,"2/20/2022 6 a.m. PST",3418,3416,2811,-607
NEVP,"2/20/2022 7 a.m. PST",3453,3462,2888,-565
NEVP,"2/20/2022 8 a.m. PST",3383,3391,2975,-408
NEVP,"2/20/2022 9 a.m. PST",3312,3339,2993,-319
NEVP,"2/20/2022 10 a.m. PST",3253,3285,3074,-179
NEVP,"2/20/2022 11 a.m. PST",3171,3200,3043,-128
NEVP,"2/20/2022 12 p.m. PST",3137,3182,2979,-158
NEVP,"2/20/2022 1 p.m. PST",3125,3177,2949,-176
NEVP,"2/20/2022 2 p.m. PST",3186,3258,3066,-120
NEVP,"2/20/2022 3 p.m. PST",3268,3332,3069,-199
NEVP,"2/20/2022 4 p.m. PST",3345,3454,3097,-248
NEVP,"2/20/2022 5 p.m. PST",3545,3523,2608,-937
NEVP,"2/20/2022 6 p.m. PST",3830,3781,2619,-1211
NEVP,"2/20/2022 7 p.m. PST",3936,3859,3026,-910
NEVP,"2/20/2022 8 p.m. PST",3876,3790,3053,-823
NEVP,"2/20/2022 9 p.m. PST",3756,3691,3009,-747
NEVP,"2/20/2022 10 p.m. PST",3706,3591,3076,-630
NEVP,"2/20/2022 11 p.m. PST",3554,3464,3003,-551
NEVP,"2/21/2022 12 a.m. PST",3414,3416,2919,-495
NEVP,"2/21/2022 1 a.m. PST",3310,3350,2870,-440
NEVP,"2/21/2022 2 a.m. PST",3248,3301,2488,-760
NEVP,"2/21/2022 3 a.m. PST",3212,3292,2403,-809
NEVP,"2/21/2022 4 a.m. PST",3216,3314,2360,-856
NEVP,"2/21/2022 5 a.m. PST",3273,3410,2581,-692
NEVP,"2/21/2022 6 a.m. PST",3384,3581,2941,-443
NEVP,"2/21/2022 7 a.m. PST",3504,3762,2939,-565
NEVP,"2/21/2022 8 a.m. PST",3490,3758,3055,-435
NEVP,"2/21/2022 9 a.m. PST",3459,3709,3471,12
NEVP,"2/21/2022 10 a.m. PST",3395,3573,3045,-350
NEVP,"2/21/2022 11 a.m. PST",3352,3491,2963,-389
NEVP,"2/21/2022 12 p.m. PST",3326,3406,2850,-476
NEVP,"2/21/2022 1 p.m. PST",3307,3405,2868,-439
NEVP,"2/21/2022 2 p.m. PST",3332,3478,2809,-523
NEVP,"2/21/2022 3 p.m. PST",3430,3635,2892,-538
NEVP,"2/21/2022 4 p.m. PST",3547,3771,2817,-730
NEVP,"2/21/2022 5 p.m. PST",3733,3900,2645,-1088
NEVP,"2/21/2022 6 p.m. PST",3982,4118,3228,-754
NEVP,"2/21/2022 7 p.m. PST",4085,4231,3432,-653
NEVP,"2/21/2022 8 p.m. PST",4062,4145,3427,-635
NEVP,"2/21/2022 9 p.m. PST",4002,4095,3190,-812
NEVP,"2/21/2022 10 p.m. PST",3847,3938,2907,-940
NEVP,"2/21/2022 11 p.m. PST",3689,3752,2910,-779
NEVP,"2/22/2022 12 a.m. PST",3536,3669,2869,-667
NEVP,"2/22/2022 1 a.m. PST",3428,3578,2824,-604
NEVP,"2/22/2022 2 a.m. PST",3393,3514,2758,-635
NEVP,"2/22/2022 3 a.m. PST",3362,3503,2757,-605
NEVP,"2/22/2022 4 a.m. PST",3393,3516,2830,-563
NEVP,"2/22/2022 5 a.m. PST",3483,3633,2914,-569
NEVP,"2/22/2022 6 a.m. PST",3657,3811,3104,-553
NEVP,"2/22/2022 7 a.m. PST",3811,4039,3425,-386
NEVP,"2/22/2022 8 a.m. PST",3763,4025,3788,25
NEVP,"2/22/2022 9 a.m. PST",3657,3920,3424,-233
NEVP,"2/22/2022 10 a.m. PST",3604,3787,2952,-652
NEVP,"2/22/2022 11 a.m. PST",3584,3672,2739,-845
NEVP,"2/22/2022 12 p.m. PST",3624,3546,2858,-766
NEVP,"2/22/2022 1 p.m. PST",3626,3438,2605,-1021
NEVP,"2/22/2022 2 p.m. PST",3572,3425,2759,-813
NEVP,"2/22/2022 3 p.m. PST",3593,3464,2965,-628
NEVP,"2/22/2022 4 p.m. PST",3701,3611,3033,-668
NEVP,"2/22/2022 5 p.m. PST",3881,3798,2860,-1021
NEVP,"2/22/2022 6 p.m. PST",4126,4190,3378,-748
NEVP,"2/22/2022 7 p.m. PST",4249,4271,3553,-696
NEVP,"2/22/2022 8 p.m. PST",4226,4209,3471,-755
NEVP,"2/22/2022 9 p.m. PST",4163,4155,3649,-514
NEVP,"2/22/2022 10 p.m. PST",4064,3996,3558,-506
NEVP,"2/22/2022 11 p.m. PST",3890,3808,3374,-516
NEVP,"2/23/2022 12 a.m. PST",3740,3735,3261,-479
NEVP,"2/23/2022 1 a.m. PST",3643,3634,3101,-542
NEVP,"2/23/2022 2 a.m. PST",3588,3566,3149,-439
NEVP,"2/23/2022 3 a.m. PST",3575,3561,3188,-387
NEVP,"2/23/2022 4 a.m. PST",3602,3580,3149,-453
NEVP,"2/23/2022 5 a.m. PST",3684,3698,3297,-387
NEVP,"2/23/2022 6 a.m. PST",3857,3878,3498,-359
NEVP,"2/23/2022 7 a.m. PST",4018,4111,3702,-316
NEVP,"2/23/2022 8 a.m. PST",4071,4079,4040,-31
NEVP,"2/23/2022 9 a.m. PST",4001,4053,3382,-619
NEVP,"2/23/2022 10 a.m. PST",3923,3921,3437,-486
NEVP,"2/23/2022 11 a.m. PST",3673,3830,3370,-303
NEVP,"2/23/2022 12 p.m. PST",3734,3776,3514,-220
NEVP,"2/23/2022 1 p.m. PST",3597,3764,3181,-416
NEVP,"2/23/2022 2 p.m. PST",3667,3755,3292,-375
NEVP,"2/23/2022 3 p.m. PST",3632,3789,3189,-443
NEVP,"2/23/2022 4 p.m. PST",3762,3868,3328,-434
NEVP,"2/23/2022 5 p.m. PST",3990,4022,3401,-589
NEVP,"2/23/2022 6 p.m. PST",4299,4290,3777,-522
NEVP,"2/23/2022 7 p.m. PST",4454,4388,3985,-469
NEVP,"2/23/2022 8 p.m. PST",4437,4253,4148,-289
NEVP,"2/23/2022 9 p.m. PST",4373,4250,4033,-340
NEVP,"2/23/2022 10 p.m. PST",4241,4064,3901,-340
NEVP,"2/23/2022 11 p.m. PST",4064,3977,3672,-392
NEVP,"2/24/2022 12 a.m. PST",3910,3840,3530,-380
NEVP,"2/24/2022 1 a.m. PST",3830,3680,3513,-317
NEVP,"2/24/2022 2 a.m. PST",3783,3656,3376,-407
NEVP,"2/24/2022 3 a.m. PST",3795,3644,3425,-370
NEVP,"2/24/2022 4 a.m. PST",3825,3664,3501,-324
NEVP,"2/24/2022 5 a.m. PST",3925,3770,3566,-359
NEVP,"2/24/2022 6 a.m. PST",4117,3923,3749,-368
NEVP,"2/24/2022 7 a.m. PST",4260,4091,3972,-288
NEVP,"2/24/2022 8 a.m. PST",4151,4146,4175,24
NEVP,"2/24/2022 9 a.m. PST",3913,4015,3641,-272
NEVP,"2/24/2022 10 a.m. PST",3710,3858,3230,-480
NEVP,"2/24/2022 11 a.m. PST",3587,3773,3066,-521
NEVP,"2/24/2022 12 p.m. PST",3502,3682,2827,-675
NEVP,"2/24/2022 1 p.m. PST",3489,3640,2978,-511
NEVP,"2/24/2022 2 p.m. PST",3448,3634,3066,-382
NEVP,"2/24/2022 3 p.m. PST",3469,3614,3341,-128
NEVP,"2/24/2022 4 p.m. PST",3543,3650,3506,-37
NEVP,"2/24/2022 5 p.m. PST",3719,3769,3232,-487
NEVP,"2/24/2022 6 p.m. PST",4085,4194,3365,-720
NEVP,"2/24/2022 7 p.m. PST",4284,4288,3876,-408
NEVP,"2/24/2022 8 p.m. PST",4302,4257,3833,-469
NEVP,"2/24/2022 9 p.m. PST",4244,4185,3748,-496
NEVP,"2/24/2022 10 p.m. PST",4141,4079,3707,-434
NEVP,"2/24/2022 11 p.m. PST",3988,3945,3544,-444
NEVP,"2/25/2022 12 a.m. PST",3866,3830,3458,-408
NEVP,"2/25/2022 1 a.m. PST",3773,3755,3340,-433
NEVP,"2/25/2022 2 a.m. PST",3746,3718,3224,-522
NEVP,"2/25/2022 3 a.m. PST",3746,3659,3248,-498
NEVP,"2/25/2022 4 a.m. PST",3718,3697,3228,-490
NEVP,"2/25/2022 5 a.m. PST",3851,3763,3321,-530
NEVP,"2/25/2022 6 a.m. PST",4033,3952,3325,-708
NEVP,"2/25/2022 7 a.m. PST",4184,4083,3403,-781
NEVP,"2/25/2022 8 a.m. PST",4049,4019,3820,-229
NEVP,"2/25/2022 9 a.m. PST",3877,3892,3636,-241
NEVP,"2/25/2022 10 a.m. PST",3735,3720,3577,-158
NEVP,"2/25/2022 11 a.m. PST",3715,3654,3524,-191
NEVP,"2/25/2022 12 p.m. PST",3596,3580,3370,-226
NEVP,"2/25/2022 1 p.m. PST",3554,3550,3436,-118
NEVP,"2/25/2022 2 p.m. PST",3502,3516,3595,93
NEVP,"2/25/2022 3 p.m. PST",3604,3574,3820,216
NEVP,"2/25/2022 4 p.m. PST",3689,3609,3870,181
NEVP,"2/25/2022 5 p.m. PST",3829,3679,3555,-274
NEVP,"2/25/2022 6 p.m. PST",4068,4094,3665,-403
NEVP,"2/25/2022 7 p.m. PST",4249,4219,3803,-446
NEVP,"2/25/2022 8 p.m. PST",4235,4195,3613,-622
NEVP,"2/25/2022 9 p.m. PST",4203,4140,3610,-593
NEVP,"2/25/2022 10 p.m. PST",4127,4055,3543,-584
NEVP,"2/25/2022 11 p.m. PST",4003,3955,3391,-612
NEVP,"2/26/2022 12 a.m. PST",3879,3842,3392,-487
NEVP,"2/26/2022 1 a.m. PST",3787,3742,3421,-366
NEVP,"2/26/2022 2 a.m. PST",3757,3696,3423,-334
NEVP,"2/26/2022 3 a.m. PST",3740,3669,3439,-301
NEVP,"2/26/2022 4 a.m. PST",3766,3697,3476,-290
NEVP,"2/26/2022 5 a.m. PST",3823,3763,3512,-311
NEVP,"2/26/2022 6 a.m. PST",3927,3831,3545,-382
NEVP,"2/26/2022 7 a.m. PST",3963,3869,3487,-476
NEVP,"2/26/2022 8 a.m. PST",3871,3706,3655,-216
NEVP,"2/26/2022 9 a.m. PST",3786,3617,3432,-354
NEVP,"2/26/2022 10 a.m. PST",3696,3491,3635,-61
NEVP,"2/26/2022 11 a.m. PST",3599,3416,3536,-63
NEVP,"2/26/2022 12 p.m. PST",3521,3363,3570,49
NEVP,"2/26/2022 1 p.m. PST",3439,3315,3498,59
NEVP,"2/26/2022 2 p.m. PST",3425,3290,3626,201
NEVP,"2/26/2022 3 p.m. PST",3433,3290,3674,241
NEVP,"2/26/2022 4 p.m. PST",3509,3354,3714,205
NEVP,"2/26/2022 5 p.m. PST",3689,3467,3279,-410
NEVP,"2/26/2022 6 p.m. PST",3972,3867,3351,-621
NEVP,"2/26/2022 7 p.m. PST",4119,4022,3475,-644
NEVP,"2/26/2022 8 p.m. PST",4101,4003,3388,-713
NEVP,"2/26/2022 9 p.m. PST",4066,3945,3501,-565
NEVP,"2/26/2022 10 p.m. PST",4005,3847,3404,-601
NEVP,"2/26/2022 11 p.m. PST",3899,3755,3397,-502
NEVP,"2/27/2022 12 a.m. PST",3793,3647,3370,-423
NEVP,"2/27/2022 1 a.m. PST",3714,3552,3282,-432
NEVP,"2/27/2022 2 a.m. PST",3669,3493,3228,-441
NEVP,"2/27/2022 3 a.m. PST",3641,3462,3144,-497
NEVP,"2/27/2022 4 a.m. PST",3647,3474,3238,-409
NEVP,"2/27/2022 5 a.m. PST",3699,3516,3226,-473
NEVP,"2/27/2022 6 a.m. PST",3773,3555,3170,-603
NEVP,"2/27/2022 7 a.m. PST",3788,3578,3271,-517
NEVP,"2/27/2022 8 a.m. PST",3691,3492,3315,-376
NEVP,"2/27/2022 9 a.m. PST",3598,3419,3487,-111
NEVP,"2/27/2022 10 a.m. PST",3505,3334,3369,-136
NEVP,"2/27/2022 11 a.m. PST",3427,3301,3400,-27
NEVP,"2/27/2022 12 p.m. PST",3386,3273,3423,37
NEVP,"2/27/2022 1 p.m. PST",3382,3247,3159,-223
NEVP,"2/27/2022 2 p.m. PST",3340,3241,3286,-54
NEVP,"2/27/2022 3 p.m. PST",3406,3248,3374,-32
NEVP,"2/27/2022 4 p.m. PST",3478,3366,3624,146
NEVP,"2/27/2022 5 p.m. PST",3595,3442,3238,-357
NEVP,"2/27/2022 6 p.m. PST",3837,3782,3356,-481
NEVP,"2/27/2022 7 p.m. PST",4012,3925,3424,-588
NEVP,"2/27/2022 8 p.m. PST",4001,3880,3411,-590
NEVP,"2/27/2022 9 p.m. PST",3959,3827,3370,-589
NEVP,"2/27/2022 10 p.m. PST",3875,3704,3366,-509
NEVP,"2/27/2022 11 p.m. PST",3739,3598,3256,-483
NEVP,"2/28/2022 12 a.m. PST",3628,3469,3146,-482
NEVP,"2/28/2022 1 a.m. PST",3536,3363,3178,-358
NEVP,"2/28/2022 2 a.m. PST",3498,3332,3093,-405
NEVP,"2/28/2022 3 a.m. PST",3481,3274,2862,-619
NEVP,"2/28/2022 4 a.m. PST",3515,3311,2885,-630
NEVP,"2/28/2022 5 a.m. PST",3612,3359,3084,-528
NEVP,"2/28/2022 6 a.m. PST",3816,3597,3066,-750
NEVP,"2/28/2022 7 a.m. PST",3940,3724,3173,-767
NEVP,"2/28/2022 8 a.m. PST",3892,3723,3622,-270
NEVP,"2/28/2022 9 a.m. PST",3781,3627,3762,-19
NEVP,"2/28/2022 10 a.m. PST",3644,3525,3729,85
NEVP,"2/28/2022 11 a.m. PST",3561,3475,3601,40
NEVP,"2/28/2022 12 p.m. PST",3497,3419,3337,-160
NEVP,"2/28/2022 1 p.m. PST",3486,3417,3329,-157
NEVP,"2/28/2022 2 p.m. PST",3536,3414,3654,118
NEVP,"2/28/2022 3 p.m. PST",3578,3428,3668,90
NEVP,"2/28/2022 4 p.m. PST",3661,3537,3856,195
NEVP,"2/28/2022 5 p.m. PST",3782,3569,3580,-202
NEVP,"2/28/2022 6 p.m. PST",3944,3916,3316,-628
NEVP,"2/28/2022 7 p.m. PST",4051,4005,3470,-581
NEVP,"2/28/2022 8 p.m. PST",4029,3973,3246,-783
NEVP,"2/28/2022 9 p.m. PST",3957,3926,3194,-763
NEVP,"2/28/2022 10 p.m. PST",3826,3792,3148,-678
NEVP,"2/28/2022 11 p.m. PST",3652,3627,3210,-442
NEVP,"3/1/2022 12 a.m. PST",3510,3456,3131,-379
